3.1381945610046387
0.17193032801151276
2.617279291152954
-1.9547600746154785
-0.2048506736755371
-2.1486313343048096
-0.6096261143684387
0.5919772386550903
1.4155112504959106
-2.0044703483581543
2.361354351043701
1.2700974941253662
0.4969436824321747
0.6199876666069031
-0.31164199113845825
-1.189858317375183
2.148958206176758
1.1784855127334595
1.3364026546478271
1.2421671152114868
-0.974923849105835
1.7203739881515503
-0.7255998253822327
-0.5628446936607361
1.5042457580566406
0.8824188709259033
-0.38253697752952576
1.4858334064483643
-0.3025584816932678
-0.7693274021148682
1.7749401330947876
0.504517138004303
2.0392727851867676
1.721482515335083
-1.6350220441818237
1.2012741565704346
1.2107309103012085
-2.9289114475250244
0.8180311322212219
1.0946345329284668
2.4851670265197754
1.2104510068893433
1.2578761577606201
1.3424376249313354
2.156787157058716
-2.1670033931732178
-0.20206207036972046
2.095991849899292
0.7981550097465515
-0.9144617915153503
2.8497135639190674
2.547210693359375
1.1960668563842773
1.711242914199829
0.23550142347812653
0.7118558287620544
1.788947343826294
2.4220356941223145
2.210930109024048
1.0429489612579346
0.713586151599884
-5.061126232147217
1.428287386894226
-3.5086395740509033
1.9780710935592651
-4.0121660232543945
-1.125745415687561
0.0608907975256443
-0.017676711082458496
1.3925037384033203
2.053687334060669
2.4510085582733154
-1.063370943069458
-0.5381428599357605
-1.707734227180481
-4.072229862213135
-0.8414366841316223
-0.21478135883808136
-6.139588832855225
-2.0554747581481934
-1.058241367340088
2.676055431365967
2.1005845069885254
2.0849661827087402
0.2870267629623413
1.420444369316101
2.206623077392578
-1.7791810035705566
1.840915560722351
-2.0755388736724854
-0.04166267439723015
1.8806053400039673
-0.2951183617115021
1.3466036319732666
-3.420062780380249
2.5942909717559814
1.4196065664291382
-1.039265513420105
0.05049970746040344
2.8399713039398193
0.9836528897285461
0.8533923625946045
2.5263047218322754
1.248608112335205
1.1539958715438843
0.1805669218301773
-2.738619804382324
-0.2629391849040985
-0.2883477210998535
-1.6340761184692383
0.008733509108424187
-1.5982552766799927
-0.21734845638275146
2.2113049030303955
1.2160149812698364
1.0227023363113403
0.7029138207435608
1.0606029033660889
2.384096384048462
2.121904134750366
-0.33043360710144043
-0.12775416672229767
1.4809634685516357
-2.060006618499756
-0.12136849015951157
2.7909317016601562
1.2986916303634644
1.3544750213623047
0.11881238967180252
2.6299526691436768
0.7402352690696716
-0.2968248724937439
1.0503456592559814
1.461156964302063
-1.0514087677001953
2.356659173965454
1.5022761821746826
0.07835562527179718
1.6502585411071777
0.6647771000862122
2.5437309741973877
-0.828946053981781
-0.3246554732322693
1.2519959211349487
2.4149081707000732
0.6743512749671936
-2.1829473972320557
-0.8134056925773621
0.7231588959693909
-2.5895280838012695
0.5616459250450134
1.8350138664245605
1.5927252769470215
-0.1290770173072815
1.5770703554153442
-2.3423125743865967
2.391885757446289
-0.6452870965003967
0.7989345192909241
2.376455783843994
0.9851037263870239
-1.0655235052108765
1.2568107843399048
1.6449689865112305
2.0017333030700684
-2.1207501888275146
-1.3064478635787964
3.2268407344818115
0.7259544730186462
0.649262547492981
2.1707260608673096
-0.08692257106304169
2.272642135620117
2.2959065437316895
1.3476183414459229
2.2457454204559326
0.15689688920974731
-0.07824277132749557
0.8682214021682739
1.19424307346344
1.2876695394515991
-1.4288183450698853
1.7008618116378784
0.6478832364082336
0.38394397497177124
-2.1011900901794434
2.327455997467041
2.499661922454834
-2.3815908432006836
1.227339506149292
1.9399363994598389
1.676926851272583
0.551234245300293
-0.47072505950927734
0.3373432159423828
2.157284736633301
-1.2646231651306152
1.4732650518417358
-0.22107137739658356
-7.510222434997559
2.3145430088043213
1.8583407402038574
-0.43365687131881714
-1.0176005363464355
0.6860389113426208
0.26658016443252563
-1.2884541749954224
1.3810679912567139
1.9393185377120972
1.3017070293426514
-3.1054818630218506
2.390232801437378
2.6140332221984863
0.4042295813560486
1.8355381488800049
-0.6667929887771606
0.03245029225945473
-1.5107077360153198
-2.007596015930176
1.7784557342529297
-5.243630886077881
-1.2876477241516113
-1.55026376247406
-1.4165951013565063
0.769153892993927
-6.515185356140137
0.5804218053817749
-0.36366456747055054
-1.6740485429763794
0.9090137481689453
2.6944620609283447
0.37782934308052063
-1.1319160461425781
1.5275633335113525
1.0213338136672974
2.780841588973999
1.9022129774093628
1.7765264511108398
1.9328711032867432
0.7775429487228394
-2.327387571334839
2.2316815853118896
-2.164691209793091
0.58598393201828
-1.5567692518234253
1.25483238697052
-0.18728579580783844
-1.4757856130599976
0.055392637848854065
0.6314035058021545
-4.927124500274658
2.6164917945861816
1.4945964813232422
0.3268986642360687
0.12664839625358582
2.3448233604431152
-1.5906891822814941
-6.4824934005737305
-2.4400997161865234
-0.22949953377246857
-2.138505220413208
1.5855183601379395
-2.146632671356201
1.3654906749725342
-0.09563962370157242
2.752291440963745
0.18016919493675232
1.714393138885498
0.3347426950931549
-1.6880900859832764
1.126502513885498
-1.2936688661575317
-0.4790138304233551
1.7342103719711304
-4.181972980499268
-1.1458325386047363
-2.463992118835449
-0.4423506557941437
0.3497207462787628
0.9385125041007996
1.0495353937149048
2.0546646118164062
0.9788206815719604
2.17863130569458
0.39706701040267944
2.460906982421875
0.8393092751502991
1.1120738983154297
1.632305383682251
2.4288132190704346
-0.3869621455669403
1.7399858236312866
1.2330764532089233
0.19981251657009125
-1.3050471544265747
0.5049455761909485
2.133984088897705
-0.7436845302581787
-0.2755413055419922
-0.15074388682842255
1.9812548160552979
0.07318305969238281
0.9537737965583801
0.4669346511363983
2.4296107292175293
-0.9931848049163818
1.609453797340393
1.1560355424880981
0.16627448797225952
-0.42879220843315125
0.9116029143333435
0.5932161211967468
1.0968588590621948
1.322166919708252
2.1563947200775146
1.0411899089813232
0.067195363342762
1.3057743310928345
2.153332471847534
2.968766927719116
2.5725038051605225
1.269814133644104
-1.3632384538650513
2.1659657955169678
1.0403422117233276
0.5184957981109619
0.9226513504981995
-0.8385496139526367
2.412477493286133
-3.930741548538208
0.7176820039749146
-0.3048207461833954
1.0601965188980103
0.3763623535633087
1.0746957063674927
-0.6898572444915771
-2.289773464202881
-1.1741489171981812
-2.5044517517089844
-0.09790684282779694
-0.7990451455116272
-3.0340445041656494
0.23519732058048248
2.022392749786377
-0.879756510257721
-2.0384645462036133
0.18993978202342987
1.5526714324951172
1.0613757371902466
-1.6864744424819946
0.6236677765846252
1.6451244354248047
2.0126824378967285
1.3001623153686523
0.9946967959403992
1.591505527496338
1.3766294717788696
1.8035985231399536
-0.5119661688804626
-0.07419634610414505
-0.5229452848434448
1.1430944204330444
1.78105628490448
-2.0118656158447266
-3.3562092781066895
1.6900705099105835
-0.9886707067489624
0.830257773399353
0.39777669310569763
-0.3736242353916168
-1.228027582168579
-1.5962231159210205
1.255755066871643
-2.6664717197418213
-0.5312983989715576
-4.850767612457275
0.965868353843689
0.8578479886054993
-3.0616230964660645
-0.8639423251152039
1.0453685522079468
-1.045772671699524
2.6015658378601074
1.888287901878357
-1.0670887231826782
3.359734296798706
0.8356035351753235
-1.8479859828948975
-2.898238182067871
-4.744320869445801
-1.1349655389785767
-3.0290186405181885
1.6838980913162231
-2.599365234375
-0.13361649215221405
1.422201156616211
1.4617564678192139
2.3706560134887695
2.215662717819214
1.2120314836502075
-2.599865436553955
0.20086242258548737
-0.10508675873279572
0.613109290599823
1.9362934827804565
0.2944132387638092
1.1291885375976562
0.3380778133869171
-4.396147727966309
0.9685694575309753
1.6000176668167114
1.2414220571517944
-3.218747854232788
0.703035831451416
2.0904829502105713
1.2527903318405151
-1.757574439048767
1.3710354566574097
1.9984545707702637
-0.5195896625518799
-1.9750866889953613
-1.2050336599349976
-0.7585321068763733
2.2764339447021484
0.19618743658065796
0.35114651918411255
1.051880955696106
-2.0481696128845215
-1.9717437028884888
2.4658398628234863
1.61797297000885
1.4366626739501953
1.4058573246002197
2.259824514389038
1.206355333328247
-1.2919397354125977
-1.6104974746704102
1.665126919746399
-2.3866899013519287
-2.688771963119507
-4.183143138885498
0.38836589455604553
-1.856278896331787
-3.6224493980407715
1.104549765586853
0.01749631203711033
0.46553167700767517
1.1936918497085571
1.43954336643219
0.548364520072937
1.0855337381362915
0.3988020420074463
0.8133625984191895
2.960550308227539
-0.312958687543869
1.31880521774292
-0.3995205760002136
-2.78600811958313
-0.923319399356842
2.118314504623413
-0.6525441408157349
-0.08521202206611633
0.05533348023891449
1.1742024421691895
1.3947356939315796
0.5842017531394958
2.3861308097839355
-4.272000789642334
1.7971322536468506
1.761497974395752
1.777234673500061
0.7756823897361755
-0.17131632566452026
2.307985782623291
0.7422285079956055
1.7543708086013794
-0.14821887016296387
1.9301831722259521
1.5361816883087158
0.2269953191280365
-2.8024911880493164
1.6880110502243042
0.4003322124481201
-0.08686012029647827
2.7882301807403564
-3.7126705646514893
0.06343551725149155
0.7719975113868713
-1.0576579570770264
0.3312755525112152
-0.04358810931444168
2.3730099201202393
-1.4188096523284912
1.0815597772598267
1.1437252759933472
-2.7859601974487305
-1.4727540016174316
-0.4310082495212555
0.7432538270950317
1.7830497026443481
1.8301109075546265
2.541322708129883
0.30274802446365356
-2.104112386703491
0.13454391062259674
2.093813896179199
-0.7207006812095642
-1.6484864950180054
-1.7595152854919434
0.5959446430206299
1.5994703769683838
0.7869271039962769
0.5596780180931091
-0.7119702696800232
-3.71169376373291
-0.0602123998105526
1.0648947954177856
-0.09544903039932251
2.1886396408081055
1.6740062236785889
-0.0880981981754303
0.7113471031188965
1.375091791152954
0.08135233074426651
2.178764581680298
0.9100540280342102
1.347610354423523
-3.6014533042907715
-0.3528990149497986
-0.6338963508605957
0.400997519493103
1.1628668308258057
1.7038921117782593
1.5958278179168701
1.1843628883361816
-2.3514256477355957
3.0294785499572754
-3.5623481273651123
1.9263979196548462
2.8868095874786377
0.7820021510124207
1.7666780948638916
1.0727958679199219
1.757508635520935
-0.6092504262924194
0.7688098549842834
-5.507399559020996
1.06374990940094
-2.549342393875122
-1.682540774345398
0.08618880808353424
-1.9813936948776245
0.6796033382415771
1.246777057647705
1.8068320751190186
2.172839403152466
-8.713515281677246
1.7588622570037842
0.6704021096229553
1.0184262990951538
-2.384159564971924
-1.019571304321289
1.424480676651001
2.553154706954956
0.8861986994743347
-1.4765021800994873
1.5662403106689453
-0.9919323921203613
0.45936429500579834
1.2158162593841553
0.4303916096687317
-0.966776430606842
0.15462282299995422
0.5145763158798218
0.09002231061458588
0.22569602727890015
2.781738042831421
-2.7301185131073
1.2033418416976929
1.3001431226730347
1.1179252862930298
2.4127938747406006
-3.14589262008667
1.3937796354293823
1.5251202583312988
-0.6116304397583008
1.0395028591156006
-0.22863876819610596
-1.9634547233581543
0.9407158493995667
1.1220552921295166
0.7258277535438538
1.037747859954834
-0.9143043160438538
-0.34055599570274353
-1.3349889516830444
-1.7491992712020874
2.7650105953216553
-0.7256063222885132
-2.077791452407837
-1.8902993202209473
0.9982962012290955
1.8681460618972778
1.2028720378875732
2.6184237003326416
0.771935760974884
0.2700461745262146
1.8513263463974
-2.0779154300689697
-0.588922381401062
-6.431185245513916
-2.868443250656128
-0.024747192859649658
-4.393070220947266
-1.5729645490646362
1.0536575317382812
2.5630171298980713
-1.1269769668579102
-0.5810022950172424
0.7773900628089905
2.10103440284729
2.3392295837402344
1.8910428285598755
-0.40122658014297485
3.169032096862793
-0.03708362206816673
0.5076764822006226
-0.43235331773757935
0.6776200532913208
2.0125937461853027
-0.005139161832630634
2.5579264163970947
0.8117653131484985
1.378269076347351
1.4983545541763306
0.5352506637573242
-1.4670779705047607
1.0622398853302002
0.9090327024459839
1.1291166543960571
-0.8602064847946167
0.4258935749530792
-1.0081721544265747
2.259232997894287
1.9553197622299194
-2.1157009601593018
-0.8413122296333313
1.2451636791229248
-0.04609919339418411
0.44532230496406555
-0.22635409235954285
1.7836276292800903
0.594122052192688
-0.8569706678390503
-6.867908477783203
-2.7575161457061768
0.49667537212371826
2.5525341033935547
1.1072378158569336
1.8532902002334595
0.7415867447853088
0.35427626967430115
1.0638097524642944
-1.4141883850097656
-0.3296754062175751
-2.5173823833465576
1.1172746419906616
0.42395034432411194
0.879564642906189
-0.5430060625076294
1.6787883043289185
2.9101412296295166
0.9282313585281372
1.8572005033493042
1.579627513885498
-1.8046196699142456
1.2192127704620361
0.18372085690498352
2.2403886318206787
2.4125735759735107
1.073010802268982
0.29984453320503235
2.4497623443603516
-0.5603441596031189
2.323345184326172
1.5335419178009033
-10.970709800720215
-1.3404091596603394
-0.20366714894771576
-4.224140644073486
-0.09363666921854019
2.097623348236084
1.4811886548995972
0.1482507437467575
-6.13602876663208
2.202080488204956
1.4817408323287964
-0.5178781747817993
0.5285009741783142
2.11281418800354
3.0274195671081543
-0.5855001211166382
1.1570985317230225
-0.6793513894081116
1.5116660594940186
2.1632938385009766
0.6325560808181763
-1.5691136121749878
1.4431629180908203
-0.586067795753479
0.7529352903366089
-0.09752264618873596
1.1567885875701904
-2.8458633422851562
2.543964385986328
-1.3565049171447754
-1.5371912717819214
-0.9481865763664246
1.6586792469024658
1.4229332208633423
-0.5270794630050659
1.688732624053955
-0.39801132678985596
-2.628384828567505
2.492579221725464
0.9352536201477051
-1.7770285606384277
0.8357371091842651
-1.4987367391586304
-1.3248766660690308
2.6989314556121826
2.119466781616211
0.818856954574585
2.224843978881836
-4.640401363372803
2.337390184402466
1.6310429573059082
-0.9782520532608032
-2.4408459663391113
2.6840078830718994
0.09670963883399963
1.047982096672058
-2.5104124546051025
-2.667750835418701
0.30208829045295715
1.2065541744232178
0.6592938899993896
-1.5273077487945557
-1.6204476356506348
1.0728037357330322
-1.440567970275879
-1.114113211631775
-2.819974899291992
-2.4636588096618652
1.8698382377624512
0.35284560918807983
-3.5895936489105225
1.0212050676345825
1.9572745561599731
-1.2334866523742676
0.7366004586219788
0.16042311489582062
-8.898603439331055
-0.4546107351779938
-2.4613723754882812
-0.276388019323349
-1.0866912603378296
-2.2513160705566406
1.086580514907837
2.7594094276428223
-0.4249145984649658
-1.8230317831039429
1.6330283880233765
0.8579614162445068
-1.9684869050979614
1.3383057117462158
0.7319703102111816
-1.681318998336792
0.42869243025779724
1.78193998336792
-1.4543241262435913
1.0876505374908447
1.93860924243927
-0.9596269726753235
-0.05665610730648041
2.1481921672821045
2.1169097423553467
0.2730945646762848
0.43393632769584656
-1.1399048566818237
1.6698700189590454
-4.438560485839844
1.604273796081543
-3.9553558826446533
-0.9617452025413513
0.627346932888031
-0.4260195791721344
1.4793463945388794
-2.4470345973968506
2.3614273071289062
2.0261807441711426
0.2589171528816223
1.5502833127975464
1.4483586549758911
0.5326817035675049
2.3543083667755127
1.768343448638916
1.2984453439712524
-2.962843894958496
1.121078610420227
1.402461051940918
-2.2901015281677246
-0.33538228273391724
-0.5872937440872192
-2.7323901653289795
0.26293468475341797
0.24890795350074768
-1.564188003540039
1.0510450601577759
1.771499514579773
-1.143625259399414
1.5288105010986328
-3.6840550899505615
-1.7907899618148804
0.7288901805877686
0.8601180911064148
0.33450669050216675
-1.4126718044281006
0.5905265808105469
1.7509351968765259
2.4628307819366455
-0.12680663168430328
0.3204459547996521
1.8081231117248535
2.499905824661255
1.67088782787323
2.0410115718841553
2.0488123893737793
-1.6179062128067017
-0.5774190425872803
1.8741614818572998
1.0381321907043457
-1.7861748933792114
-4.614847183227539
-2.5949289798736572
1.9626494646072388
2.370478391647339
0.031187068670988083
2.1835830211639404
-1.1555426120758057
0.27538058161735535
3.6328396797180176
0.0970405712723732
1.2830650806427002
1.161130666732788
-0.7971571683883667
0.8690410256385803
1.0959672927856445
1.6851330995559692
-1.2917567491531372
1.467950701713562
1.7741246223449707
2.2200818061828613
0.11412979662418365
-4.245487689971924
-5.281098365783691
0.42586377263069153
-0.053705908358097076
3.0845091342926025
1.251199722290039
0.4400259256362915
1.6345634460449219
0.1571372151374817
0.6009816527366638
0.7880516052246094
0.3860669434070587
-0.5201190114021301
1.1656757593154907
-0.9915403723716736
-6.033905506134033
0.7208892703056335
1.6519280672073364
2.3935251235961914
0.38534724712371826
-2.758074998855591
-3.6019937992095947
-3.280311346054077
0.233122780919075
-0.5949243903160095
-0.29557904601097107
0.3738304674625397
-0.5618796348571777
-3.706066608428955
-3.551140785217285
1.519067645072937
-0.3301975727081299
2.80938720703125
-1.9948300123214722
0.5999652147293091
1.919360876083374
3.060626745223999
0.6595866084098816
0.36050277948379517
0.7973947525024414
-1.8695470094680786
-0.9952696561813354
-3.6599698066711426
-4.614937782287598
0.05889634042978287
-1.8779926300048828
-0.3124588429927826
-1.1791800260543823
1.9973257780075073
-0.40840911865234375
-1.9673092365264893
-1.8869991302490234
-0.6865445375442505
0.6566607356071472
-0.0809251219034195
-1.8278076648712158
0.7291199564933777
0.04225413128733635
0.7528125643730164
-5.145493030548096
2.0819039344787598
0.9530327320098877
1.5398846864700317
1.233594536781311
0.8938534259796143
0.7582033276557922
1.3061540126800537
0.08104439824819565
0.6099319458007812
3.026169776916504
-0.33725664019584656
1.2471095323562622
0.9594082832336426
1.9718282222747803
1.7634142637252808
0.8614129424095154
-3.4651856422424316
-2.168060779571533
-1.2965823411941528
3.424109935760498
0.07926315814256668
-0.3556223511695862
0.6410556435585022
1.4687443971633911
-0.6336410045623779
-2.3623461723327637
0.024803828448057175
1.6987406015396118
-0.485589861869812
-2.2038307189941406
0.5708467364311218
2.3429477214813232
-1.1304538249969482
1.070076823234558
-2.9054653644561768
1.7565191984176636
1.6254925727844238
1.759100079536438
-3.9642109870910645
1.6858019828796387
1.15900719165802
1.1043281555175781
0.7951808571815491
-1.7520555257797241
-1.559376835823059
-1.997917652130127
-0.2042401283979416
-0.45781829953193665
-2.9793434143066406
0.990447998046875
1.0243252515792847
0.7823646068572998
0.9618191719055176
2.30730938911438
-1.7163352966308594
0.15509562194347382
-2.5100481510162354
0.453233003616333
-3.6649646759033203
1.4390746355056763
2.16878342628479
0.25659602880477905
-4.345541954040527
-1.9745256900787354
-1.3936923742294312
2.120297431945801
0.9725486040115356
2.524691104888916
2.1694633960723877
0.8658149242401123
2.3653244972229004
0.5805115103721619
-0.8873488903045654
1.9924944639205933
-2.755009651184082
1.71100914478302
-4.210967063903809
1.640791893005371
0.8501088619232178
2.0730130672454834
2.8529891967773438
-0.3724246919155121
-2.298776626586914
0.7004028558731079
1.9413741827011108
-1.2731081247329712
1.0412383079528809
-0.09014676511287689
-1.9832481145858765
0.07556496560573578
-0.7333757877349854
2.198280096054077
2.3868658542633057
-0.6188138127326965
2.2919676303863525
2.0540552139282227
-0.5279812216758728
-0.09069212526082993
-1.1693390607833862
1.8228563070297241
1.4335860013961792
0.2192576825618744
2.2679941654205322
1.41321861743927
-1.308889389038086
1.0328456163406372
-0.08270208537578583
-0.4450055658817291
1.0145833492279053
-4.330527305603027
-4.990934371948242
1.1699695587158203
1.8579192161560059
0.33327698707580566
-4.911715984344482
-1.4024251699447632
-0.9363659620285034
0.8635203242301941
-1.398782730102539
0.6809974908828735
-5.104900360107422
-5.592883586883545
1.198790431022644
-2.919302463531494
1.263597011566162
0.8925933837890625
-1.920676350593567
1.6885007619857788
-2.7831053733825684
-0.17856214940547943
-3.7705154418945312
0.9391318559646606
-1.6987123489379883
1.776827335357666
0.21862587332725525
-1.3080158233642578
-3.1455917358398438
1.8578283786773682
0.1108015850186348
1.2597764730453491
2.0798416137695312
1.7425086498260498
0.7603040933609009
1.3006978034973145
1.7589046955108643
0.15562520921230316
-0.034380264580249786
0.08718094229698181
-1.4056580066680908
-1.030619740486145
-0.6408023834228516
-0.3353256285190582
3.010495185852051
1.2249475717544556
-2.5191268920898438
-0.2724580466747284
-2.9953339099884033
-5.360066890716553
1.4826881885528564
-0.9653063416481018
-2.291048288345337
2.0999906063079834
0.03272212669253349
2.1986420154571533
-0.44663310050964355
-0.8190023303031921
-0.24857710301876068
2.0759356021881104
-0.4182378649711609
-0.4803648889064789
1.9827040433883667
0.27656984329223633
2.265191078186035
-1.9020036458969116
-0.49372598528862
2.520693302154541
-0.6193923950195312
-2.95987606048584
2.199866533279419
-0.4877011775970459
-2.7844622135162354
-0.5115732550621033
2.3971407413482666
-0.4442617893218994
-0.6824098229408264
-3.0867440700531006
-2.6917107105255127
1.455141305923462
0.05402645096182823
1.6198627948760986
1.0953196287155151
0.09022128582000732
0.4162554442882538
-1.5526124238967896
1.162092924118042
2.0685906410217285
-2.079066276550293
0.6863099932670593
0.7857486605644226
2.4627997875213623
-0.3933391571044922
0.6208412051200867
-3.777667999267578
0.954693615436554
0.036290496587753296
1.7390648126602173
0.7749404907226562
-2.919182300567627
0.7419514060020447
2.709810495376587
-2.512531042098999
1.7696144580841064
2.1551663875579834
1.8449339866638184
0.6552339792251587
-1.1003092527389526
-3.7074270248413086
1.0908308029174805
0.9064788222312927
-0.6958608627319336
1.644262433052063
-0.24409401416778564
1.1908429861068726
-1.9788179397583008
-2.4729881286621094
2.9145309925079346
-0.21077129244804382
1.3621585369110107
0.25709810853004456
0.7304474115371704
0.7448789477348328
3.3946869373321533
-4.061548233032227
-2.945627450942993
-5.512050151824951
-0.9354509711265564
1.1652042865753174
-3.3549816608428955
1.498825192451477
3.1702213287353516
1.6958510875701904
-0.6198858022689819
1.0323328971862793
0.7582245469093323
-3.207798480987549
1.8412516117095947
1.0939841270446777
-0.6657199859619141
0.47665539383888245
2.1221725940704346
0.420662522315979
-0.7366020083427429
1.6968659162521362
0.8771134614944458
-2.4229674339294434
-0.688186526298523
1.5744209289550781
-2.1918411254882812
-1.1772180795669556
-4.69077205657959
-5.98591423034668
1.1735167503356934
1.5337328910827637
0.786843478679657
2.085172414779663
2.1052088737487793
2.281459331512451
0.8581945300102234
-3.081265687942505
-0.03656373545527458
-2.014188766479492
1.187595009803772
1.469740629196167
0.4796815812587738
2.6239802837371826
-1.1148492097854614
-1.1756315231323242
1.0183197259902954
1.1560351848602295
-2.4836273193359375
1.3823246955871582
0.6757102608680725
-0.2063429206609726
1.5467603206634521
1.082221508026123
-0.8668316602706909
3.3843019008636475
-2.52567720413208
1.2440024614334106
2.158094644546509
-1.0246026515960693
-1.6675854921340942
3.317223310470581
0.7381525039672852
-1.1231924295425415
2.009812355041504
1.6064214706420898
-1.0083365440368652
2.8425681591033936
0.4878876805305481
-3.1710402965545654
1.4581358432769775
1.8236016035079956
1.2210049629211426
-1.6099926233291626
-1.6724655628204346
-0.3784865438938141
-0.8357721567153931
1.2106695175170898
-1.7936019897460938
2.240933418273926
-0.566308319568634
0.4310097396373749
1.6476023197174072
1.7646889686584473
-0.48530104756355286
-2.0637147426605225
-0.8380581140518188
0.1377909928560257
0.8262926936149597
-6.956502437591553
0.7648066282272339
1.155011773109436
2.0312340259552
0.9593806862831116
-0.9048445224761963
0.9262569546699524
-0.158014714717865
-2.24239444732666
0.45273756980895996
-3.2326173782348633
-0.5273945331573486
-0.7064261436462402
-0.5394806265830994
-4.629512786865234
1.0933971405029297
0.5831121802330017
1.8186728954315186
-0.35589826107025146
1.5751996040344238
3.0284669399261475
0.8705430626869202
1.5423294305801392
1.8749858140945435
2.959322214126587
-1.1179815530776978
1.1884821653366089
0.8392661809921265
-1.9274473190307617
2.448234796524048
2.342416286468506
0.5840395092964172
1.5667316913604736
0.98820960521698
-0.03576655685901642
0.3069506585597992
-1.9503159523010254
-0.25258326530456543
0.6046966910362244
2.097797393798828
1.8189260959625244
-2.8925280570983887
1.650567889213562
-0.7960459589958191
1.730713129043579
0.014527459628880024
1.7864210605621338
0.5972366333007812
1.263479232788086
0.9794953465461731
-0.003821128513664007
-0.5140950083732605
1.2144449949264526
0.548462986946106
1.1006280183792114
-2.6828441619873047
1.0399360656738281
-3.6628024578094482
-2.191878080368042
0.887385904788971
1.2581768035888672
-1.5315214395523071
-1.5698529481887817
0.69989413022995
2.302093982696533
-1.0633236169815063
-0.3413042724132538
2.9570086002349854
0.5275794863700867
-7.393411159515381
0.5386632084846497
1.8661377429962158
0.5822407007217407
0.7961872816085815
-0.7786176800727844
-1.299028992652893
-1.5199542045593262
-1.9676690101623535
1.2302250862121582
2.0726945400238037
-1.301665186882019
1.1376432180404663
1.0486406087875366
2.1345348358154297
-1.3452872037887573
-0.4343397617340088
0.7570396065711975
2.4117066860198975
-0.33575597405433655
0.6373501420021057
-2.403085470199585
-0.2313542664051056
1.4382539987564087
2.632725477218628
-0.587165355682373
2.808476686477661
-1.0062052011489868
-3.4048423767089844
1.1272894144058228
-0.15682446956634521
0.17769981920719147
2.6458680629730225
-2.9469833374023438
-0.3587188124656677
-1.9206453561782837
-1.038819432258606
2.68588924407959
-3.2471511363983154
1.6493972539901733
0.03271035477519035
1.8079909086227417
-0.04441085085272789
1.789989948272705
2.0181884765625
0.5402923226356506
1.5014004707336426
1.4809842109680176
1.990333080291748
1.851306676864624
-2.4857046604156494
1.1256897449493408
-0.1392739713191986
-4.216760635375977
-7.157114505767822
-1.2657454013824463
-1.0207620859146118
2.0125601291656494
-0.5672798752784729
2.168398857116699
-0.6121348142623901
2.502142906188965
1.0976672172546387
-1.3404853343963623
-1.7277534008026123
0.13622485101222992
-1.0934767723083496
-0.07732322812080383
-0.2536981403827667
2.1965627670288086
-2.7770450115203857
1.9445375204086304
-3.14424991607666
-3.8616645336151123
-3.33193302154541
0.16761991381645203
0.06601052731275558
-0.039193056523799896
1.6099193096160889
1.789871335029602
-1.6411956548690796
1.0190072059631348
2.351628541946411
0.9355937242507935
-0.4016384780406952
-0.5614392757415771
-3.3229644298553467
-0.2119726836681366
-0.7207911014556885
1.9515293836593628
0.8894343972206116
-0.43387290835380554
-0.8426505923271179
2.6598358154296875
0.04995112493634224
-2.6801109313964844
-3.3616538047790527
-1.7007966041564941
-2.340599298477173
-3.4930014610290527
-2.0527076721191406
1.7218862771987915
-0.7483875751495361
-1.9247077703475952
-4.214585304260254
1.5689901113510132
0.06038025766611099
-1.0428308248519897
1.4061609506607056
-2.423797845840454
-1.293323040008545
2.266979455947876
2.17474627494812
1.1023366451263428
-2.053346872329712
-5.207286834716797
-5.889224529266357
0.6749355792999268
-2.4701919555664062
-2.0103700160980225
-0.345426470041275
-0.4720892608165741
2.1221566200256348
0.827160656452179
-3.530176877975464
0.1875828355550766
-1.5913196802139282
1.241000771522522
1.769836664199829
1.5664862394332886
1.0559371709823608
-0.6295502781867981
-0.267707884311676
0.44123974442481995
-2.576261520385742
0.847731351852417
0.39694517850875854
0.8461156487464905
0.9294978380203247
-2.4272687435150146
0.30640801787376404
0.9013835191726685
-2.288846254348755
-1.053756833076477
1.9733302593231201
1.524683952331543
1.711288332939148
0.9649038314819336
-2.006592273712158
3.033628463745117
1.2923394441604614
0.09698470681905746
0.2501687705516815
2.5812621116638184
1.7553224563598633
1.8910601139068604
2.12973690032959
-0.03384864702820778
-1.7220549583435059
1.2838538885116577
1.522154450416565
0.48682716488838196
0.4490956962108612
1.858047366142273
-1.9373698234558105
0.8661693334579468
0.40613940358161926
1.502988576889038
-5.907351970672607
-2.0179994106292725
-2.810002565383911
0.8445493578910828
-0.3911725878715515
-2.2465689182281494
1.145809292793274
0.2688547968864441
-2.3474714756011963
1.5318264961242676
-3.0574216842651367
0.10307595133781433
2.322906494140625
0.11919412761926651
2.808631420135498
1.40946364402771
-3.2886881828308105
-1.9161521196365356
0.7581294178962708
-0.767753541469574
1.7004382610321045
-0.15226627886295319
2.3221633434295654
2.62280011177063
-0.457683801651001
-2.5423152446746826
-4.828419208526611
-1.9517474174499512
2.168731451034546
-1.263222336769104
2.0446741580963135
2.89841890335083
1.724704623222351
1.4208101034164429
-0.6869741678237915
0.305982768535614
2.2255070209503174
1.7232310771942139
-0.48559850454330444
0.792609453201294
2.9690678119659424
2.340236186981201
0.05754336342215538
-0.08981873840093613
-0.06407827883958817
1.5684387683868408
-1.7514135837554932
-3.510922908782959
-2.0342040061950684
0.7671688199043274
1.4272911548614502
1.5911284685134888
1.5063048601150513
-0.3810952305793762
-1.8964570760726929
1.6185753345489502
2.8958098888397217
-1.2020466327667236
-1.1625919342041016
1.431823968887329
0.02040279284119606
-1.2352046966552734
-0.7108902931213379
-0.948049008846283
1.7368645668029785
0.2791036367416382
1.7707439661026
-2.6276092529296875
2.2973690032958984
2.389622449874878
-2.6296026706695557
0.6462932825088501
1.8774893283843994
1.2381218671798706
0.6031152606010437
1.9231271743774414
2.3080883026123047
-6.274421691894531
1.6079802513122559
-0.6384371519088745
0.8826926350593567
0.46491602063179016
0.7721893787384033
2.2958054542541504
1.8275392055511475
-1.860754370689392
-0.6537593007087708
-1.2768337726593018
-0.06220989301800728
-0.7037448287010193
-1.391254186630249
0.5304586291313171
-1.1236824989318848
1.0761398077011108
-1.6393187046051025
0.913821280002594
2.8459370136260986
2.571974515914917
0.7305098176002502
-1.6539589166641235
1.1848078966140747
-7.6606764793396
-4.5451202392578125
2.3255014419555664
2.150989294052124
0.41307908296585083
-0.061951685696840286
-1.9783040285110474
-2.1501011848449707
1.9263436794281006
2.2054283618927
0.016318395733833313
-1.7645822763442993
-2.619205951690674
-1.390641689300537
0.04492667689919472
-2.3659298419952393
1.7314757108688354
-1.494630217552185
0.3486192524433136
0.665440559387207
-4.85265588760376
0.19702517986297607
2.014892578125
-0.0608062669634819
0.5302020311355591
0.7341473698616028
2.134376287460327
1.9151570796966553
1.8014394044876099
0.8845857977867126
2.134746789932251
1.5939615964889526
2.628157138824463
-0.3118349015712738
2.8177361488342285
1.6668007373809814
0.17705324292182922
-0.40385347604751587
1.9760246276855469
-7.988657474517822
0.21649862825870514
2.1055686473846436
1.139386534690857
1.2807095050811768
2.612301826477051
0.2544007897377014
-4.287755489349365
-1.6046276092529297
-6.680073261260986
-1.1605751514434814
-1.6207473278045654
1.0207809209823608
0.11673768609762192
-1.9796606302261353
2.2049431800842285
-1.5966730117797852
-2.130887985229492
-0.08767418563365936
-0.9231920838356018
-2.2344117164611816
1.284584641456604
0.8423896431922913
-1.4523512125015259
-2.6939051151275635
-0.8250831365585327
0.41027459502220154
-4.291554927825928
2.1751902103424072
0.853171169757843
-2.983065366744995
-0.7990968823432922
0.28299009799957275
-0.3855861723423004
2.0433664321899414
0.7658979892730713
2.2877695560455322
-0.11396335065364838
1.160654067993164
0.9703105688095093
0.8820746541023254
0.08015382289886475
-2.4695472717285156
2.2391748428344727
0.9540895819664001
-0.26825574040412903
1.3274003267288208
1.5969197750091553
-6.998732089996338
-1.9993771314620972
-1.5963797569274902
0.22017838060855865
1.3461650609970093
1.9214833974838257
0.3794664442539215
0.8568278551101685
3.2099809646606445
1.4446052312850952
-2.2790212631225586
-5.541168689727783
0.26945120096206665
0.23813186585903168
0.13428378105163574
0.8112583756446838
0.4778834581375122
-0.9895094037055969
-2.237415313720703
0.24050241708755493
-0.6379408240318298
-4.198996543884277
-5.516653060913086
1.015399694442749
-2.664655923843384
-2.853776454925537
2.6904942989349365
2.1655843257904053
-0.4975365102291107
0.6714717149734497
2.466646432876587
2.7532622814178467
-0.320851594209671
-0.6820380687713623
1.8203226327896118
2.5528624057769775
2.6138031482696533
-6.58427095413208
-3.5406806468963623
0.27766287326812744
-1.1195991039276123
0.42981958389282227
1.0886130332946777
1.2009109258651733
-0.023324541747570038
-0.11405827105045319
1.9047003984451294
0.6257218718528748
0.7889052033424377
1.3398452997207642
0.22733792662620544
0.22091268002986908
1.0469379425048828
0.12545467913150787
1.2835676670074463
-0.6257497668266296
1.801753044128418
0.6082730889320374
-0.4132950007915497
-0.3620092570781708
1.3062578439712524
2.3873274326324463
-1.37911856174469
-1.1034198999404907
3.453538179397583
-0.6577728986740112
1.2283034324645996
-0.671794056892395
-1.7230476140975952
-1.8964592218399048
1.2543054819107056
1.8006035089492798
-0.2568017244338989
1.7910232543945312
-2.57794451713562
0.02645014598965645
0.6072838306427002
1.5571324825286865
-0.9163417816162109
0.4756854474544525
-4.287679195404053
1.491042971611023
-0.7251922488212585
1.754277229309082
0.3486097753047943
-6.139017581939697
-1.5026581287384033
1.544917106628418
2.1713924407958984
1.9091074466705322
1.844426155090332
-0.5372173190116882
0.8903128504753113
2.0446794033050537
1.470167636871338
0.9861729741096497
1.8047856092453003
-5.610996246337891
2.032801389694214
-1.831674337387085
-2.9039082527160645
2.8803000450134277
-0.18869000673294067
1.8154630661010742
0.024356193840503693
1.2575093507766724
-1.5670336484909058
0.10371028631925583
-1.044081211090088
0.7794032096862793
-2.830632448196411
0.6685324311256409
1.7256413698196411
-2.5624587535858154
-2.1951160430908203
1.0589998960494995
0.20501551032066345
0.24248841404914856
-1.3213977813720703
-1.8984825611114502
-6.965419769287109
1.1612011194229126
-0.7509974837303162
0.04583500325679779
1.2602864503860474
-3.655809164047241
-1.124869465827942
0.9032578468322754
-5.301233291625977
0.3376132845878601
-0.12535661458969116
1.1453015804290771
-2.0872788429260254
0.4274444580078125
-1.858752727508545
1.3829442262649536
0.4937898516654968
-0.08996044844388962
-3.2269554138183594
0.982283353805542
1.8062249422073364
1.174720287322998
-1.533353328704834
1.3525079488754272
-1.7542221546173096
-0.3907078504562378
-0.4012998044490814
2.182863712310791
-1.9998807907104492
-3.3711652755737305
-0.2682420313358307
0.6352154612541199
-4.9490766525268555
-0.05047587305307388
1.1673922538757324
-3.1469521522521973
0.640414297580719
-3.2595131397247314
-2.1383438110351562
-1.3634268045425415
0.9016571640968323
1.0008503198623657
0.17438910901546478
0.36980369687080383
-2.299119472503662
2.1055703163146973
-1.17550790309906
2.4998362064361572
0.11555828899145126
-0.5137363076210022
0.034726645797491074
-0.591389000415802
-2.1663732528686523
2.0698864459991455
1.2610915899276733
-0.9656638503074646
-0.622046172618866
-2.7168357372283936
2.0390522480010986
1.7955538034439087
0.4913369119167328
0.8114105463027954
3.040062665939331
-0.04638565704226494
0.6976463794708252
2.5982565879821777
-0.007958805188536644
2.206965684890747
-2.0101661682128906
-0.2906860113143921
2.059774875640869
-1.6428749561309814
-3.6375622749328613
0.3372628092765808
-0.08494532853364944
0.47724679112434387
0.7592657804489136
-0.21419569849967957
-7.494986534118652
-2.8507080078125
0.6240798830986023
1.3519814014434814
2.0499284267425537
0.5002763271331787
-0.2233808934688568
-1.571190595626831
2.5636403560638428
-2.3551416397094727
-0.35024046897888184
0.983409583568573
-3.2570559978485107
1.8195046186447144
-6.135939598083496
-0.8243737816810608
-0.03076118603348732
1.8917323350906372
-2.849410057067871
-0.14039219915866852
1.1024810075759888
0.7124914526939392
-0.12490729987621307
-3.1866140365600586
1.1194391250610352
-0.9418582320213318
1.7516199350357056
-0.5010976791381836
2.130863666534424
1.3392877578735352
-0.2881603240966797
-1.928171157836914
-2.2008273601531982
1.9709678888320923
1.2885805368423462
0.39114445447921753
0.5545141696929932
0.19871383905410767
1.6987003087997437
-1.771644115447998
1.6336027383804321
-3.7505435943603516
0.6662741303443909
2.5840399265289307
-0.25579890608787537
0.6167274713516235
1.4555948972702026
1.719993233680725
-0.23560991883277893
1.4564083814620972
1.181660532951355
-0.9668295383453369
-0.8860609531402588
-3.030712127685547
0.8107094764709473
1.0886341333389282
2.4337568283081055
1.6600993871688843
1.1416771411895752
-2.6382479667663574
-0.6850406527519226
1.9171663522720337
-0.5574610233306885
-5.471863269805908
-6.343224048614502
-0.8340603113174438
-1.3983467817306519
0.9732916951179504
1.2437454462051392
-2.213921546936035
2.164464235305786
1.1052695512771606
-1.6217316389083862
-2.658003807067871
1.52108895778656
0.6257248520851135
-6.000792026519775
-0.81147301197052
-0.8029441237449646
0.6562119126319885
1.1239500045776367
0.9454160332679749
2.216752529144287
-1.5973495244979858
1.5929384231567383
3.4124755859375
0.0078077157959342
-0.3549880385398865
3.164152145385742
-2.3961732387542725
-1.808239221572876
-3.042109489440918
1.4976636171340942
-0.48271453380584717
-0.8202880024909973
1.1992824077606201
2.1985790729522705
2.0389983654022217
0.5328806042671204
-4.8663506507873535
-3.392085075378418
1.078302025794983
0.41690364480018616
0.599215030670166
-3.181323766708374
-2.7959041595458984
0.026511799544095993
0.9069347977638245
0.9117662906646729
-0.9325013160705566
1.3598358631134033
1.280516266822815
0.1926030069589615
0.9840365052223206
1.7266020774841309
-1.2867830991744995
1.206398844718933
1.6710442304611206
-0.7107807397842407
1.3974581956863403
0.9521070718765259
-3.0413241386413574
2.414292335510254
2.2132930755615234
2.244645118713379
-1.370721459388733
0.5680162310600281
2.538602113723755
0.4235811233520508
-3.215175151824951
0.8645862936973572
2.4123287200927734
2.37107515335083
1.3746768236160278
-0.8016290068626404
1.676086187362671
-1.4689668416976929
0.08202063292264938
0.07252288609743118
0.15262195467948914
1.0808260440826416
0.5135909914970398
0.00022099699708633125
1.8414860963821411
-3.4004039764404297
0.7760043144226074
0.31602317094802856
-0.8680077195167542
2.1845695972442627
-2.777900218963623
-3.314850091934204
-3.2508599758148193
0.8093568086624146
0.23902641236782074
-0.3447653353214264
0.9086878299713135
1.3293852806091309
1.8700833320617676
2.0445141792297363
1.2218358516693115
0.10464445501565933
0.3672311007976532
-7.013744831085205
1.354746699333191
-1.5414291620254517
2.7103211879730225
-2.788602590560913
1.2822766304016113
-0.4334092140197754
-2.0115904808044434
-1.0131138563156128
-3.303054094314575
1.8479987382888794
-0.8248059749603271
2.0669591426849365
-2.040894031524658
0.2971087694168091
-0.5099313259124756
-0.034657128155231476
0.4644014835357666
-0.006791078019887209
1.3780220746994019
2.2925775051116943
-3.114351987838745
1.9150911569595337
0.7971963286399841
-1.746565580368042
-2.2298009395599365
0.729914128780365
2.0621447563171387
-2.428206443786621
-0.12049388885498047
-0.005221260245889425
1.7894004583358765
2.0113391876220703
1.7757519483566284
2.1403021812438965
2.218737840652466
1.877617597579956
2.058408498764038
0.9665484428405762
1.4504345655441284
0.5838397741317749
1.5194196701049805
0.49485060572624207
-0.36403313279151917
0.7029184103012085
1.699681282043457
-3.656226634979248
-2.2988061904907227
1.7109580039978027
-1.1348470449447632
-2.8574421405792236
2.3814923763275146
0.7782266736030579
1.7574321031570435
1.5140206813812256
-0.13280746340751648
1.7702540159225464
-2.6569809913635254
1.0531425476074219
1.7450282573699951
0.9443459510803223
-2.360286235809326
-3.3001365661621094
-2.8295140266418457
1.6939321756362915
2.0942623615264893
1.5095794200897217
-1.0929279327392578
2.0111985206604004
1.1378811597824097
-0.22820192575454712
0.8631381988525391
1.2098737955093384
1.228007435798645
-0.7906943559646606
-0.8593870997428894
-1.6548277139663696
0.1916956901550293
-2.1843903064727783
0.17471806704998016
1.159650444984436
0.3480992317199707
2.1366896629333496
-3.4971420764923096
0.8840756416320801
0.2629525363445282
1.710716724395752
-2.1132290363311768
-0.4589211940765381
1.1275051832199097
-1.098940372467041
0.5973722338676453
1.9313896894454956
-1.5041155815124512
0.5799089670181274
2.0481936931610107
0.050790995359420776
0.9421901106834412
0.2410203069448471
1.1698505878448486
-0.16584186255931854
2.493739128112793
0.6871205568313599
0.8051955103874207
0.9002536535263062
-0.3675239086151123
-0.43759506940841675
0.057556528598070145
2.4339234828948975
1.4479491710662842
-3.655198335647583
-2.097403049468994
0.1716141402721405
-2.19138503074646
0.9983872175216675
0.7515338659286499
-0.9217350482940674
2.681746006011963
1.8479164838790894
0.271132230758667
-0.561947762966156
-7.069149017333984
-4.075489044189453
-1.6683531999588013
-0.8295729160308838
0.7948781847953796
1.8050111532211304
1.7922792434692383
-2.1379566192626953
1.637822151184082
0.4243810474872589
0.14241743087768555
1.32939612865448
-0.7534405589103699
-0.215162992477417
0.9577731490135193
-0.6369590759277344
1.3725979328155518
1.7764643430709839
-3.6183104515075684
-2.927168369293213
-0.58762526512146
-2.8987293243408203
0.9288948774337769
-1.082547664642334
0.9282021522521973
-0.5549167394638062
-0.6049737930297852
1.7428778409957886
1.3994834423065186
0.8167784810066223
-0.15571287274360657
-1.0072505474090576
-0.9725477695465088
2.693880081176758
0.1566288024187088
-0.40246838331222534
0.83803391456604
-1.1361274719238281
1.5678825378417969
-4.190413475036621
0.5510045886039734
-4.862978935241699
-0.9532606601715088
-3.03974986076355
1.3563201427459717
0.8637545704841614
2.4090940952301025
1.0499763488769531
-0.4876362979412079
-0.2275857925415039
1.2958096265792847
0.8123046159744263
-0.03233956918120384
-0.11863888055086136
-2.365241527557373
1.8111903667449951
1.9240530729293823
-2.246495008468628
1.5879402160644531
0.5336112380027771
-1.7974839210510254
1.6475038528442383
-1.7775309085845947
-0.34245625138282776
2.9270167350769043
0.7277424335479736
1.9611313343048096
0.5193613171577454
1.6422361135482788
-2.0699799060821533
2.020137310028076
0.17314481735229492
1.26923668384552
2.055060625076294
-1.893755316734314
1.4179943799972534
2.4270505905151367
0.4070761799812317
-0.9875056147575378
-0.29389938712120056
2.0354902744293213
1.2099428176879883
-0.9693299531936646
0.3486887216567993
2.1816651821136475
-2.8227574825286865
0.7105779051780701
0.07359516620635986
3.0545809268951416
1.9938838481903076
1.532818078994751
0.7406666278839111
1.1335381269454956
2.4262404441833496
2.269221305847168
0.44306299090385437
1.2042489051818848
-3.185835599899292
-1.837451457977295
0.7405517101287842
1.5986629724502563
0.03627873584628105
-3.3496623039245605
0.7741638422012329
1.5019023418426514
0.9560950398445129
1.3143647909164429
-1.547791838645935
0.8391987085342407
-0.590847373008728
0.6020780205726624
1.8976075649261475
-2.1017985343933105
-1.1252938508987427
-0.257854163646698
-2.0376951694488525
-2.784233808517456
2.88069224357605
-2.3430886268615723
-0.37912988662719727
-0.36537134647369385
0.22484813630580902
0.49951207637786865
0.9745082855224609
-0.851182758808136
0.9301970601081848
0.4171275794506073
-0.9112697839736938
2.0937340259552
1.6898959875106812
-3.467625856399536
-0.216112419962883
-2.0611066818237305
0.9547721147537231
0.6568143367767334
-0.106330506503582
1.1515438556671143
3.153240203857422
0.016895629465579987
-2.1344096660614014
0.9760621786117554
2.0550663471221924
-2.717257022857666
-0.7248544692993164
1.1418389081954956
-0.9177151918411255
-1.896732211112976
1.6264697313308716
0.6349121928215027
0.7528849244117737
1.6514943838119507
2.053783655166626
-0.8724057078361511
-1.0569175481796265
-1.744276762008667
-0.5375372767448425
-0.9702538251876831
-1.4791693687438965
0.7403299808502197
-0.6826136708259583
-1.4815888404846191
2.8864073753356934
-2.3885700702667236
-2.9962234497070312
-2.2963690757751465
1.3893555402755737
2.137164831161499
-4.477595806121826
-2.8057217597961426
-3.8908488750457764
1.3963699340820312
-0.3652368485927582
0.5972603559494019
-4.337900161743164
3.2954957485198975
1.5089365243911743
0.8886659741401672
2.319356679916382
0.6319103240966797
-1.1707844734191895
1.05020272731781
0.39509153366088867
1.8843430280685425
0.14677828550338745
-2.782909870147705
-0.2696814239025116
0.8484074473381042
-1.9235968589782715
0.46664732694625854
-4.191588401794434
1.4931656122207642
3.871971607208252
-0.5024701356887817
1.7477267980575562
-0.30214986205101013
0.9430772066116333
0.6817350387573242
-7.524474143981934
-1.1494472026824951
-0.9660447239875793
-2.852834463119507
0.7023436427116394
-5.339772701263428
1.1625105142593384
-2.3529398441314697
-8.878738403320312
-2.289419651031494
2.276845693588257
1.0606776475906372
2.321552276611328
1.8341444730758667
3.02695894241333
-0.3432891070842743
0.3993222117424011
-0.3394959568977356
-5.118272304534912
1.5870383977890015
-0.0015260187210515141
1.1496740579605103
-0.18759523332118988
0.21176768839359283
1.8292515277862549
-0.8377792239189148
0.040127187967300415
-2.5756309032440186
2.161104440689087
-0.8642405271530151
-1.7586435079574585
1.7896231412887573
2.796480655670166
-5.067694187164307
2.422736167907715
1.79679274559021
-2.775433301925659
1.5518437623977661
-0.06427806615829468
2.3334267139434814
0.12792044878005981
1.2784878015518188
1.937881350517273
-0.175785094499588
2.8426287174224854
-4.317179203033447
-6.616923809051514
-2.2133982181549072
2.2113301753997803
-0.3296576738357544
-1.7726191282272339
0.8119122982025146
1.005314826965332
2.1721630096435547
1.6701654195785522
2.1618192195892334
0.7280871272087097
-0.3981013000011444
-1.2570828199386597
-2.3787481784820557
1.2864314317703247
1.7177807092666626
-2.652223587036133
2.109889268875122
-1.6718189716339111
1.4537684917449951
-0.6535749435424805
2.325974464416504
1.5699472427368164
2.631596088409424
-3.476377248764038
1.3386138677597046
2.2007663249969482
0.3109802007675171
1.258939504623413
-8.321531295776367
0.46872735023498535
1.0719783306121826
-2.1715238094329834
1.5636247396469116
2.4654576778411865
1.3972796201705933
1.6184817552566528
-0.13581791520118713
-0.6880616545677185
2.427672863006592
0.4805930554866791
0.3030349016189575
0.5040014386177063
-2.1046767234802246
1.4163422584533691
1.5922064781188965
-2.179157018661499
2.1701321601867676
-2.2744858264923096
-0.476543664932251
-2.019902229309082
0.4708712697029114
1.0988926887512207
-4.181709289550781
1.5380191802978516
1.0611646175384521
-0.586060643196106
1.830223560333252
-1.373106598854065
1.051856279373169
-0.18164876103401184
1.1115864515304565
-1.5838388204574585
0.8783729672431946
-2.515573263168335
-0.29059141874313354
0.865402340888977
-2.0087106227874756
-4.269975185394287
1.716424584388733
2.4830963611602783
-1.724337100982666
2.742439031600952
1.7483508586883545
1.0494807958602905
-2.46980881690979
-2.8781023025512695
-0.39029037952423096
-0.551895797252655
1.0473904609680176
-0.5857014060020447
2.4479753971099854
1.6881651878356934
-1.2744152545928955
-3.349553346633911
0.4777800440788269
-4.752872467041016
-1.5099070072174072
0.38436269760131836
1.2796489000320435
-0.9841901063919067
-1.9924907684326172
1.2297080755233765
0.6254053115844727
-4.867763042449951
-2.5099895000457764
1.3173869848251343
1.6772575378417969
0.6806455254554749
1.219767451286316
-3.1576743125915527
2.2704851627349854
1.0705987215042114
-0.9100905656814575
2.721179962158203
1.4685075283050537
-2.9927878379821777
1.6810213327407837
-1.1119405031204224
1.3704135417938232
-2.322831153869629
-0.16658687591552734
1.1564764976501465
0.7922007441520691
0.5180659890174866
1.4777894020080566
2.312657117843628
1.3448132276535034
-2.296844959259033
-0.4936240017414093
-3.1737256050109863
-0.40313148498535156
1.1379966735839844
1.2290529012680054
0.6304279565811157
-0.5738973617553711
1.0624827146530151
-0.08484337478876114
1.2190160751342773
2.6654961109161377
2.498556137084961
-2.42926025390625
0.9490187168121338
-0.14668461680412292
3.0030624866485596
1.6109514236450195
-2.856106758117676
-1.4349104166030884
0.8028299808502197
-1.5498446226119995
-0.05562729761004448
0.935705304145813
-0.6794660687446594
-0.7966820001602173
-2.2533183097839355
2.062716245651245
1.0978559255599976
-2.213846445083618
-0.727213978767395
-3.8562958240509033
0.3243047893047333
1.4165111780166626
2.3252830505371094
-5.739060878753662
1.7507641315460205
-1.4095079898834229
0.44174131751060486
-3.7774035930633545
-1.0555933713912964
-1.2361047267913818
2.1932859420776367
-1.7426658868789673
2.3422577381134033
-1.5120514631271362
-0.5671490430831909
-0.37300312519073486
-6.942405700683594
-1.6458218097686768
-1.6925333738327026
0.296936959028244
0.3214564919471741
1.2564712762832642
-0.6504307985305786
1.552126169204712
-2.297898054122925
1.5709092617034912
1.4961841106414795
0.7683963179588318
-1.7560983896255493
-0.18660356104373932
1.1131389141082764
1.1246144771575928
3.1530818939208984
1.7979636192321777
1.202751636505127
1.4314121007919312
2.2207088470458984
0.22398480772972107
-1.749387502670288
0.8811635375022888
1.579857349395752
-0.665632426738739
0.6364099979400635
0.7027366757392883
-2.234008312225342
-1.8083893060684204
-2.3138232231140137
1.0831005573272705
1.993661880493164
1.8800665140151978
-2.8276588916778564
2.8341026306152344
0.8713672757148743
-0.7419701218605042
-3.3524322509765625
0.5579218864440918
1.7285685539245605
0.24496428668498993
-1.3066140413284302
-0.25837624073028564
0.06127333268523216
0.5934221148490906
2.335034132003784
0.26654547452926636
1.4563990831375122
0.49693530797958374
0.6262409090995789
1.9278489351272583
-1.8892790079116821
1.655860424041748
1.5313576459884644
3.251075267791748
1.788893222808838
0.5985575914382935
-1.6864323616027832
0.8688119053840637
1.5367369651794434
-3.1561708450317383
-2.3884832859039307
0.6624705195426941
1.511210322380066
-0.8039149641990662
-1.3170124292373657
-1.672897219657898
-0.39198100566864014
0.43645355105400085
1.7132879495620728
-2.6382248401641846
1.231195330619812
0.812772810459137
-1.8778762817382812
-1.5727243423461914
1.660112977027893
0.027912979945540428
-1.919456958770752
-2.877063035964966
2.1403489112854004
0.2616312801837921
2.480928659439087
1.2852617502212524
-0.7215085625648499
0.5799363851547241
0.9870474338531494
-1.3871561288833618
-3.881740093231201
2.603671073913574
-0.6180687546730042
2.8787620067596436
1.373782992362976
-8.776795387268066
-2.168039083480835
0.490924209356308
-2.220305919647217
-0.1176794096827507
0.02159699983894825
1.7642256021499634
-1.2879801988601685
-1.6185336112976074
-0.09143894910812378
1.8136144876480103
1.0015223026275635
1.5114240646362305
-0.0700211375951767
-2.313807487487793
-0.05385807529091835
0.46960821747779846
-1.3919426202774048
0.0904771164059639
2.2372918128967285
-0.7808993458747864
-0.7256838083267212
0.39957988262176514
1.414064884185791
1.769956111907959
0.21619144082069397
-2.346069574356079
1.4374232292175293
-3.8944475650787354
-5.191093444824219
1.921654224395752
0.6667295694351196
1.3146424293518066
0.6564933061599731
0.7812598347663879
2.203972578048706
-0.1781814992427826
-4.321399688720703
0.2931641638278961
0.4034050405025482
0.4613804221153259
-3.1514835357666016
2.670106887817383
-2.4335012435913086
2.4929165840148926
0.7861287593841553
0.7771162390708923
-0.9450324177742004
0.7573465704917908
1.781673550605774
-2.3995046615600586
2.848750352859497
1.3536640405654907
-3.030644178390503
-3.51507306098938
0.23413091897964478
2.535274028778076
-1.0309768915176392
0.6407812237739563
-4.251488208770752
0.8820239305496216
1.861884593963623
-0.5440930724143982
-1.1365338563919067
0.5690752267837524
-0.16198186576366425
-1.9662716388702393
-0.029805844649672508
-2.504624128341675
-0.17789360880851746
1.3937727212905884
2.706833839416504
0.0635715201497078
2.26790714263916
-1.6390490531921387
2.3997116088867188
1.9973324537277222
1.7609641551971436
0.8023675680160522
1.1984362602233887
-1.4555819034576416
0.16632093489170074
0.2489892989397049
-1.732481837272644
1.5140074491500854
-0.24112412333488464
0.70035719871521
-2.052643060684204
1.9916199445724487
-0.8027336597442627
-0.37057068943977356
0.6997823715209961
3.3367996215820312
0.9725561738014221
2.223689317703247
-0.7842598557472229
2.305107593536377
-5.741297245025635
0.46142178773880005
1.8660602569580078
-2.176731586456299
2.444699764251709
-0.42947936058044434
1.1063685417175293
-1.3772720098495483
-0.3776118755340576
-2.3591878414154053
2.6282882690429688
0.6436172127723694
-2.0870909690856934
-0.04852850362658501
0.35032421350479126
0.3397953510284424
0.9616131782531738
0.42955508828163147
1.2648484706878662
1.450101375579834
-2.620375156402588
0.332712322473526
0.6714568138122559
1.199965238571167
2.5717687606811523
0.023771556094288826
1.0764155387878418
0.277965247631073
-1.0071607828140259
-0.5809200406074524
-0.7932530045509338
1.1502454280853271
1.943281888961792
1.1908347606658936
1.87911057472229
1.1152052879333496
0.8689275979995728
0.8896645307540894
0.16511170566082
-0.857333779335022
-0.8780841827392578
1.1315925121307373
-0.9453607201576233
1.4488486051559448
-0.17725947499275208
-2.660665988922119
0.09377928078174591
1.6508771181106567
2.4777235984802246
-1.8013696670532227
-1.7009333372116089
1.2036933898925781
-0.48436349630355835
-0.04724518954753876
-0.2428278625011444
-0.23583754897117615
0.5729016065597534
0.2582760751247406
1.9099888801574707
1.7226804494857788
-0.6403372287750244
-1.2087669372558594
1.8526947498321533
0.7502765655517578
1.870048999786377
0.8313195705413818
1.2990542650222778
-0.011427843943238258
2.0800487995147705
0.985680341720581
-6.76240348815918
2.482771396636963
0.3497195243835449
0.97423255443573
0.9739495515823364
0.38592973351478577
1.4897767305374146
0.4073164165019989
-1.847511887550354
0.20589084923267365
-0.39099133014678955
-0.790910005569458
-1.2939399480819702
2.2934398651123047
1.4553390741348267
0.7193965315818787
0.34506237506866455
1.0847930908203125
0.2767929136753082
1.2727506160736084
-2.3295505046844482
0.74220871925354
0.13960251212120056
3.200413465499878
0.46022048592567444
-1.5581862926483154
-0.5399726033210754
2.389249324798584
1.2931022644042969
-7.804490566253662
0.2211245596408844
-3.2794063091278076
0.45378878712654114
0.05770804360508919
-4.319954872131348
-0.20336909592151642
-0.38032644987106323
-1.07539963722229
-0.7953029274940491
0.0620182529091835
0.14576223492622375
3.020235300064087
0.5513783693313599
0.5834560990333557
-8.861355781555176
1.6120303869247437
0.4296008348464966
0.056524310261011124
1.1568348407745361
-1.6786017417907715
1.5602035522460938
-7.050694942474365
2.4352030754089355
-0.19810299575328827
-2.4821507930755615
-2.576197385787964
-2.4431891441345215
-0.45244768261909485
1.3944534063339233
2.25091552734375
-1.620301365852356
1.875128984451294
2.88932728767395
1.6950204372406006
2.783806562423706
-1.6162723302841187
-2.2576284408569336
-1.1870313882827759
-1.6649292707443237
1.120656132698059
3.004413366317749
-5.3241682052612305
0.450149804353714
0.4206436276435852
1.0173943042755127
-0.9367108345031738
0.8601775765419006
-0.07478798925876617
-1.0764011144638062
-1.3762667179107666
0.7824906706809998
2.5357367992401123
1.886008381843567
1.6478887796401978
-0.3160451352596283
-3.242103338241577
1.9692834615707397
-9.67598819732666
2.0909860134124756
0.8402032256126404
-0.4530448019504547
0.07647384703159332
0.32940569519996643
0.7187968492507935
2.3196263313293457
-2.2723278999328613
-1.069916009902954
-5.781422138214111
-0.08851074427366257
0.4393342435359955
1.8012373447418213
1.8172684907913208
-0.5747401118278503
-1.4105747938156128
-0.6104151606559753
0.2090115249156952
0.3040119707584381
0.9647321105003357
0.004931693896651268
1.1957027912139893
0.90381920337677
2.361417293548584
-0.3894674479961395
2.9484171867370605
1.558227777481079
-1.8217147588729858
-0.033868979662656784
-1.1904103755950928
1.2726843357086182
0.9626705646514893
-1.7141278982162476
1.0879580974578857
-2.6986286640167236
1.8252614736557007
-4.689423561096191
2.28782057762146
0.46726536750793457
0.8359705209732056
1.81940758228302
-4.725496768951416
1.6835702657699585
-0.3013242781162262
-3.461620330810547
0.8858612775802612
-2.395193099975586
1.4906742572784424
1.2506465911865234
0.2518852949142456
0.07075480371713638
0.4556848108768463
1.4521526098251343
-1.7114853858947754
1.5149344205856323
-1.5012476444244385
1.3976194858551025
0.8744108080863953
0.21411703526973724
-0.0695473924279213
0.041262440383434296
2.434318780899048
1.4982283115386963
-1.7450298070907593
-0.7509902715682983
-4.8908538818359375
0.9185258150100708
1.4904319047927856
-0.42649033665657043
0.5303668975830078
1.3513832092285156
0.9361802339553833
1.3626344203948975
2.342298984527588
-1.2238578796386719
0.9420501589775085
1.210614562034607
0.4291016459465027
-2.37363862991333
1.0398507118225098
2.325521469116211
-0.4719187915325165
0.24069690704345703
2.371917963027954
-0.6046107411384583
-2.1125407218933105
-0.04435117170214653
-0.013628351502120495
1.3930245637893677
2.3019485473632812
1.1426559686660767
1.376328706741333
-1.202410101890564
-3.182264804840088
-0.45632967352867126
1.109484076499939
0.08178812265396118
0.48433369398117065
1.2841761112213135
0.6620078086853027
1.9890527725219727
1.1326900720596313
1.6633647680282593
0.21224692463874817
-0.5670484900474548
1.3143212795257568
0.5510021448135376
0.9801120758056641
-0.07429897040128708
0.7656117677688599
1.1837307214736938
1.5975220203399658
1.600925326347351
-0.6734815239906311
-2.9928781986236572
2.123236656188965
-0.2738620936870575
-1.1581956148147583
3.4704315662384033
0.6270291805267334
1.0242453813552856
0.9394921064376831
0.8422486186027527
0.1192459762096405
1.41230309009552
1.193814754486084
-1.462335467338562
1.0613192319869995
1.8194372653961182
-0.1978262960910797
1.2698094844818115
0.7120279669761658
-2.700099468231201
0.5768884420394897
0.9066359400749207
-0.15786653757095337
-0.008863569237291813
1.2325336933135986
1.7204093933105469
-0.6276291608810425
-0.5448319911956787
0.9129683971405029
1.0228310823440552
-0.27052751183509827
-1.502759575843811
1.3732208013534546
1.3800413608551025
0.32245269417762756
-0.39710062742233276
-6.290966510772705
1.0246047973632812
1.9874407052993774
0.9590830206871033
-1.0510058403015137
-1.1888647079467773
-0.480830579996109
0.7965817451477051
1.7368505001068115
-2.420283794403076
-0.4442608952522278
-3.642045021057129
-0.9001927971839905
0.69281005859375
0.7315039038658142
-0.2028646022081375
1.633599877357483
-5.2604546546936035
1.5754072666168213
0.6029919385910034
0.3138798475265503
0.6622183918952942
-4.405832767486572
-0.8469469547271729
-1.2821928262710571
1.184880018234253
-2.3610734939575195
-2.455350399017334
1.576969861984253
0.07333363592624664
-3.613140106201172
1.962118148803711
-0.49909862875938416
1.6472840309143066
1.5715970993041992
1.253690481185913
-2.7639479637145996
-0.730026125907898
0.48529985547065735
-0.590074896812439
0.909805178642273
0.675767183303833
1.4550604820251465
-10.230135917663574
-0.22891351580619812
-0.6159154176712036
2.8925421237945557
3.0231056213378906
1.6359425783157349
-0.7815128564834595
0.7583960890769958
-4.598534107208252
2.1605300903320312
1.5903725624084473
-2.567168712615967
0.041585616767406464
-0.9112178087234497
-1.5787150859832764
0.42534947395324707
2.9250853061676025
0.195933997631073
-0.6833552122116089
-2.7926950454711914
-0.6754358410835266
2.0959975719451904
-0.8721680045127869
0.4575994908809662
-5.61322021484375
-0.5139409899711609
-4.624236583709717
-0.05854371562600136
-0.04999195411801338
-2.021036386489868
-0.8206598162651062
-2.847353219985962
0.10811580717563629
-2.2226102352142334
-3.3674581050872803
2.604498863220215
0.3530225157737732
-4.473979949951172
0.2364049255847931
0.18153822422027588
-1.9555115699768066
1.406539797782898
1.153820514678955
0.7802277207374573
1.8192094564437866
0.537830650806427
1.3651102781295776
-3.808117389678955
0.11102619022130966
-1.1875700950622559
-0.09963977336883545
-0.9276151061058044
2.7257628440856934
-2.5332391262054443
0.08327562361955643
1.3994958400726318
1.973262071609497
0.6309071779251099
-2.5952529907226562
-0.7340822815895081
2.5505123138427734
-1.5205028057098389
1.766515851020813
-1.8293668031692505
-0.7158218622207642
-1.1231043338775635
-2.045844078063965
2.2733490467071533
-0.22918227314949036
0.7868283987045288
-0.3644603192806244
3.3933374881744385
-1.5956192016601562
-0.08792660385370255
-4.030369758605957
-3.9104647636413574
0.8312870264053345
-0.7936296463012695
3.111246109008789
1.9553816318511963
-1.9500597715377808
2.1943087577819824
-4.127315044403076
1.4668281078338623
2.1846776008605957
0.7689086198806763
-2.2168915271759033
-1.366445779800415
-0.4694812297821045
1.276199460029602
-0.9378102421760559
0.09198413044214249
1.8653675317764282
-1.5335794687271118
1.850032091140747
-1.4914599657058716
-2.1510488986968994
1.8958122730255127
0.9729154706001282
1.8523447513580322
0.7005490660667419
1.9576809406280518
0.09426974505186081
-0.8822286128997803
-1.5736525058746338
1.8110969066619873
-1.9367016553878784
0.5867767930030823
-0.7221765518188477
-2.859557867050171
1.2870296239852905
1.6507512331008911
-0.8197607398033142
-0.8780036568641663
0.5212839245796204
0.9700413942337036
-5.1811394691467285
1.9953573942184448
1.601107120513916
0.3336499333381653
-0.8595319390296936
1.5651198625564575
0.8828400373458862
-0.00347364810295403
-0.5142052173614502
0.061859987676143646
1.06192147731781
-0.9815492033958435
-1.6696327924728394
-1.9882838726043701
-0.07710091024637222
-2.737299919128418
-1.52524995803833
1.2463785409927368
1.3076788187026978
-2.1595115661621094
0.4004232883453369
1.5267622470855713
2.0459508895874023
-1.787658452987671
1.5055382251739502
-1.4537280797958374
-2.344644546508789
2.9171648025512695
0.5041071772575378
1.3793604373931885
0.41687917709350586
0.7761412858963013
0.4032752811908722
-0.5183774828910828
0.18672296404838562
2.605710983276367
-3.0192275047302246
0.12754805386066437
0.47281408309936523
0.2933681905269623
2.710174083709717
-6.760643482208252
-0.03861324489116669
1.1878151893615723
1.005185604095459
1.2524393796920776
0.6539879441261292
1.8331032991409302
1.487540364265442
-1.21279776096344
1.6137911081314087
3.42816162109375
-5.71989631652832
-0.17556330561637878
-0.1470462530851364
-6.361665725708008
-2.7013485431671143
-0.2636792063713074
1.0691198110580444
1.1199766397476196
1.6785719394683838
-4.415297031402588
-0.9810587763786316
1.937735915184021
-0.36110028624534607
2.0936779975891113
-0.3848070204257965
-5.575949192047119
1.5057485103607178
1.1643940210342407
0.8219287991523743
-0.571848452091217
2.879192352294922
2.364375591278076
-3.312617540359497
3.1530239582061768
1.747783899307251
-0.6226851940155029
1.0868215560913086
2.6625030040740967
0.7387521266937256
2.4859633445739746
1.9647188186645508
1.7831017971038818
1.9431025981903076
-1.2355095148086548
-0.70311039686203
-7.204078674316406
-0.832069456577301
1.6183149814605713
2.617049217224121
0.8114773035049438
-1.241536259651184
-1.321187138557434
-5.85405969619751
1.3749010562896729
2.774395704269409
1.450888991355896
0.7826244235038757
0.4029487073421478
0.2784935235977173
1.259547233581543
-1.203810214996338
1.5222010612487793
2.3603765964508057
2.2466750144958496
1.0471783876419067
0.08371195197105408
-0.06366723775863647
-0.7822827100753784
-2.00873064994812
-0.20568232238292694
-6.28698205947876
2.08210825920105
-0.546087384223938
1.8733346462249756
1.3295044898986816
0.07985863834619522
2.8362224102020264
-0.29880520701408386
0.16187487542629242
0.2540777027606964
1.6136481761932373
0.8221073746681213
-1.413022518157959
-7.671759605407715
1.769957423210144
-1.3486847877502441
0.41966426372528076
0.2932402789592743
1.0532852411270142
1.4391419887542725
1.1666685342788696
-2.8685038089752197
2.178011655807495
0.32667645812034607
2.3030683994293213
-1.417589783668518
0.5910106301307678
-0.271876722574234
-5.6362175941467285
-0.16882608830928802
1.9593933820724487
1.1758235692977905
-0.9348163604736328
0.6395976543426514
-1.1679844856262207
0.43220221996307373
2.0888872146606445
0.6250945925712585
-0.13768169283866882
1.2102152109146118
-3.9291515350341797
0.4983736276626587
2.4268131256103516
1.1060612201690674
1.9187411069869995
2.279109239578247
-2.6605544090270996
2.9116363525390625
2.3650104999542236
-0.7086778283119202
2.2913644313812256
-0.30050593614578247
-4.367035865783691
-1.1924381256103516
-2.7606394290924072
-0.715617299079895
0.6664265394210815
-0.35440027713775635
-3.6302032470703125
0.22228571772575378
1.199452519416809
2.7218666076660156
0.5018584132194519
1.7225626707077026
-1.4425491094589233
-0.00994642823934555
-3.158313751220703
2.8946027755737305
-4.598884582519531
-0.46303045749664307
1.7862844467163086
2.0360989570617676
-1.9864577054977417
0.9185720682144165
-0.578018844127655
1.55642569065094
-0.15416380763053894
1.9167991876602173
0.9144165515899658
-7.29988431930542
1.550412893295288
1.0120986700057983
0.12647251784801483
-0.7690383195877075
-0.25065407156944275
1.2782944440841675
-0.09310391545295715
1.7010504007339478
1.0977931022644043
1.1937682628631592
2.1065824031829834
-0.9096338152885437
2.0218982696533203
1.1339173316955566
-4.5081305503845215
0.14578968286514282
1.0722124576568604
-2.0127956867218018
1.4434659481048584
-2.7017879486083984
1.308858871459961
2.0445752143859863
-1.8356292247772217
0.37655457854270935
-5.634108543395996
1.795693278312683
1.3128407001495361
0.9184792637825012
2.464524507522583
-3.7182021141052246
2.9477336406707764
0.2229154109954834
-0.007019743323326111
1.555052638053894
-0.8703951239585876
-0.05145194008946419
0.9647014141082764
1.8602558374404907
-2.177677869796753
0.6776878833770752
0.27770236134529114
1.5335979461669922
1.32245934009552
1.8868380784988403
1.4505490064620972
1.4205420017242432
-1.3103172779083252
1.9567201137542725
0.31533411145210266
-5.335487365722656
1.1932713985443115
-1.5647151470184326
-0.20807942748069763
0.649665892124176
1.8820703029632568
2.6707892417907715
1.1641814708709717
-1.1827346086502075
-2.814634084701538
0.02007231116294861
0.723804771900177
1.759419322013855
-0.2587311565876007
2.2843708992004395
1.2166317701339722
2.4953317642211914
2.115554094314575
1.57651948928833
1.9645016193389893
1.677789568901062
-1.7938010692596436
0.539265513420105
0.23884634673595428
0.5498596429824829
-1.5395169258117676
1.3493348360061646
-3.856942653656006
0.9826021194458008
0.06417836993932724
0.8332571983337402
-3.2744057178497314
-0.6955968141555786
1.4621597528457642
0.5898355841636658
-0.10939230024814606
1.1342538595199585
-2.4758615493774414
0.7020838856697083
1.493910789489746
1.252488613128662
0.04650852084159851
2.132765769958496
-3.7331840991973877
-1.8537882566452026
0.4756687581539154
1.8321291208267212
0.8119619488716125
1.096191644668579
-1.0654523372650146
1.533083438873291
1.446484088897705
-5.784382343292236
0.8573636412620544
3.1510088443756104
0.6627163290977478
1.3187718391418457
-4.802430629730225
0.6660097241401672
1.9179620742797852
-5.888807773590088
2.277905225753784
2.2287371158599854
1.227354884147644
1.8278614282608032
1.9816431999206543
-3.6035847663879395
1.730820655822754
1.2801835536956787
-0.7101150155067444
2.462111234664917
1.3920576572418213
-3.7793774604797363
2.9646975994110107
-4.0588765144348145
2.5280163288116455
1.225272297859192
1.2403414249420166
-0.2737434506416321
-0.12512995302677155
-0.3170791268348694
0.8422359228134155
0.5894509553909302
-2.038372039794922
1.6447532176971436
1.2089848518371582
0.080617755651474
-0.12608930468559265
1.2249760627746582
-2.831305742263794
-1.8132234811782837
-3.6798179149627686
2.3872599601745605
0.11445558816194534
0.49084439873695374
1.3325042724609375
0.8116610050201416
1.3135361671447754
-2.9199671745300293
1.796568751335144
-5.561743259429932
1.1140666007995605
-2.508070945739746
-0.6517506241798401
0.7500309944152832
1.9201643466949463
0.23396366834640503
1.8629755973815918
-0.29218974709510803
-3.832387685775757
-3.6961724758148193
-1.8902676105499268
2.4245219230651855
-1.2669808864593506
1.825036883354187
1.2195624113082886
1.1563313007354736
-0.08978480100631714
0.4513915777206421
2.718726396560669
1.7051624059677124
-3.5393013954162598
-3.734279155731201
-1.2627264261245728
2.064887285232544
-1.0963058471679688
2.3789994716644287
1.182205319404602
0.5064278244972229
1.5727567672729492
-2.780027151107788
1.11165189743042
-0.2754194736480713
1.8281253576278687
-6.964155197143555
-0.709673285484314
0.7090403437614441
-10.801054000854492
0.13453812897205353
1.014662265777588
2.518550157546997
0.6213483810424805
1.0863208770751953
-2.2645456790924072
1.1948065757751465
0.5088008046150208
0.15301556885242462
1.2317572832107544
1.6401417255401611
-1.1063697338104248
0.8809877634048462
3.0914952754974365
0.8408034443855286
1.5075479745864868
-0.5877634882926941
1.1413567066192627
0.48025500774383545
0.5640748739242554
0.17050787806510925
-0.5662533044815063
-2.321657419204712
-2.581256866455078
3.0743327140808105
-0.1791229248046875
-0.6095585823059082
-0.4430599510669708
-0.54544997215271
2.1004550457000732
-0.32631915807724
1.9051631689071655
1.3731275796890259
0.97206711769104
-3.191631317138672
0.6506078243255615
-4.891389846801758
0.8549607992172241
-1.5997321605682373
-1.2934187650680542
-0.8180497288703918
1.29457426071167
1.8613409996032715
0.16621948778629303
-0.5191023349761963
1.2958683967590332
-0.7941489219665527
2.1436586380004883
0.8863649368286133
1.3279893398284912
1.757728934288025
1.95830500125885
-2.4738974571228027
0.7812270522117615
1.7963882684707642
-2.3081467151641846
1.258644461631775
2.1868062019348145
0.5745565295219421
1.7239114046096802
-1.6782581806182861
-0.6781835556030273
1.4521483182907104
-0.24000975489616394
-0.24044449627399445
-2.5707716941833496
1.3796610832214355
2.6091575622558594
0.06677447259426117
0.3174934983253479
1.8188375234603882
0.9404031038284302
0.793086588382721
-0.5617336630821228
-2.137787342071533
-2.5695598125457764
1.8573120832443237
-0.1964050680398941
-2.0249271392822266
1.7239023447036743
-2.0124499797821045
1.3059489727020264
1.9291359186172485
-2.4083526134490967
0.6111469864845276
1.568850040435791
-1.7660155296325684
0.3250257670879364
0.4942779541015625
-1.5806585550308228
0.3882526755332947
-2.602342128753662
1.607514500617981
1.3124721050262451
0.9242814183235168
1.1669102907180786
-0.7276763916015625
-0.12494734674692154
-0.5748691558837891
0.011234831996262074
1.2374112606048584
1.7850316762924194
-1.0972059965133667
0.6054534316062927
-0.13355156779289246
2.0784270763397217
1.5840034484863281
1.279695987701416
-0.7914478778839111
-1.8965167999267578
2.387268543243408
0.7885093688964844
0.6611649990081787
-6.781368732452393
1.1338828802108765
1.304939866065979
0.07432466000318527
1.7183444499969482
1.3040549755096436
-1.3033130168914795
-1.8779020309448242
-2.9838366508483887
-0.502945601940155
0.005387002602219582
2.616729736328125
-1.3267295360565186
0.24045811593532562
0.3700907230377197
1.8958160877227783
1.017115592956543
2.7179243564605713
-1.891343116760254
-3.8849852085113525
1.5465914011001587
-1.0596002340316772
1.4712305068969727
2.813478469848633
0.5133606195449829
-1.8225386142730713
-1.364552617073059
1.497537612915039
0.09792406857013702
-1.0020802021026611
1.8565075397491455
-2.350531816482544
0.8197100162506104
0.8654602766036987
2.413630723953247
-4.126659393310547
1.1872555017471313
-1.6365268230438232
-2.359424352645874
0.008713054470717907
-1.6079505681991577
0.5003007650375366
-0.1002718135714531
-1.9585412740707397
-1.4757648706436157
-1.3654524087905884
-3.938471555709839
1.850623369216919
-0.545137882232666
-0.816615104675293
1.4491595029830933
2.7724201679229736
-2.502825975418091
-2.588909149169922
3.327843427658081
-2.40706729888916
0.29563143849372864
1.1033856868743896
-2.0834789276123047
2.3107807636260986
0.1525140106678009
-0.6877315044403076
1.7373253107070923
-1.0603982210159302
0.2584613263607025
0.9792793989181519
-1.6259359121322632
0.8275104761123657
-0.9463814496994019
1.3014556169509888
2.356818199157715
0.7152473330497742
-0.11366229504346848
-3.6082189083099365
1.7951425313949585
-1.5671464204788208
2.1180920600891113
1.3336430788040161
1.236061453819275
-1.8940709829330444
-3.1439409255981445
0.15350618958473206
2.555180311203003
-3.8097221851348877
-1.1346898078918457
-2.9204955101013184
0.9201951622962952
-2.2827751636505127
-0.4623206555843353
-1.6744858026504517
1.830942988395691
-0.5222049951553345
2.3151872158050537
0.21509875357151031
-1.7367184162139893
0.6343193054199219
2.5139262676239014
-1.3277082443237305
0.07090310752391815
0.8297047019004822
-2.5086052417755127
0.4245409369468689
0.46555736660957336
-0.19172626733779907
2.5962607860565186
1.7046598196029663
2.6611833572387695
-0.44772854447364807
1.3009920120239258
-0.02758335880935192
-6.319616794586182
-1.760716438293457
1.2735000848770142
1.667223572731018
-1.9755553007125854
-1.4273663759231567
-1.3452256917953491
-1.5256280899047852
-0.6337276697158813
1.5591909885406494
1.9480440616607666
1.9912147521972656
1.5212141275405884
-0.06582512706518173
1.1138529777526855
1.6366108655929565
0.28942856192588806
-1.3632854223251343
-1.5750819444656372
-1.1232391595840454
-0.3047865629196167
-1.2377368211746216
0.19898277521133423
-0.5364156365394592
0.5533565282821655
-2.566586971282959
1.8829878568649292
-0.05834374949336052
-1.6351912021636963
2.9064855575561523
1.1071374416351318
1.305169939994812
0.7304545044898987
0.9738509058952332
0.25163599848747253
-0.7708513140678406
1.4452553987503052
-1.0898429155349731
1.7588554620742798
2.359788179397583
-0.46693503856658936
1.6048589944839478
1.3032170534133911
0.4760951101779938
-1.853480577468872
-0.8094512820243835
3.3104043006896973
-0.17041027545928955
0.16630612313747406
-0.32799506187438965
2.600890636444092
1.2173207998275757
-3.9267148971557617
1.8018463850021362
-6.555225372314453
2.0567450523376465
0.8467970490455627
-0.9305397272109985
2.562673330307007
-3.8866143226623535
-3.3838253021240234
0.08806730806827545
0.480071097612381
-0.9971354007720947
1.3998291492462158
-0.350907564163208
1.4219776391983032
1.505560040473938
3.017282247543335
1.2909044027328491
-2.4647228717803955
-1.4127269983291626
2.074342966079712
-1.1586201190948486
-0.41929110884666443
0.9006757140159607
1.0164204835891724
-2.244030475616455
-3.0682685375213623
-1.1198444366455078
0.9865778088569641
-2.0271081924438477
1.3138608932495117
1.6756073236465454
0.07076539844274521
-2.0519936084747314
0.8050362467765808
2.281513214111328
0.013870766386389732
0.2994028925895691
-3.226624011993408
2.4259164333343506
-4.5852508544921875
2.2406117916107178
-3.513697385787964
-1.2987351417541504
1.0532034635543823
0.11087832599878311
-0.6652088761329651
-4.059875011444092
-0.42014989256858826
0.6805463433265686
-3.4574875831604004
2.6866860389709473
0.7651059031486511
-1.2891933917999268
-1.5252023935317993
1.0211104154586792
0.7456210255622864
-0.18139183521270752
0.8753092885017395
-3.7219011783599854
1.563004970550537
0.020640429109334946
2.037466049194336
1.3914768695831299
-2.0792922973632812
0.694553554058075
0.062086690217256546
-2.1041576862335205
-0.4119914472103119
1.2874621152877808
1.9487520456314087
0.5191689133644104
-1.113120675086975
-0.08747176080942154
0.3601633906364441
1.3957946300506592
-0.6367442607879639
0.8065018653869629
1.6162502765655518
0.5361887216567993
-0.38577425479888916
2.5491223335266113
-0.8440071940422058
1.3834749460220337
2.2197659015655518
0.13638223707675934
0.5826247930526733
1.6471673250198364
-7.567831516265869
-3.355773687362671
1.2481169700622559
1.019454002380371
0.369647741317749
1.3417481184005737
1.9139305353164673
1.2624952793121338
-0.6225413680076599
-1.122304081916809
-5.5293354988098145
2.5078933238983154
-0.10454832017421722
1.1763596534729004
0.67421555519104
0.9470698833465576
-0.5782290101051331
1.739668369293213
-2.312427282333374
-1.9743759632110596
1.0535566806793213
-1.5847911834716797
1.2433381080627441
1.13812255859375
-0.3655632734298706
1.272350788116455
2.5313003063201904
-2.6245815753936768
-14.22083854675293
-1.5604290962219238
0.21750928461551666
2.456256628036499
-0.8568742871284485
2.879305839538574
0.7969371676445007
0.5152280330657959
1.9930567741394043
1.084258794784546
0.5499452948570251
-4.669473648071289
-2.530850410461426
-2.1961920261383057
-0.26578637957572937
0.24881118535995483
0.4277355372905731
0.27218788862228394
0.6469553709030151
0.9646408557891846
0.07292085140943527
-1.2821844816207886
-0.9294233918190002
2.7325150966644287
0.7811341285705566
-1.3317936658859253
0.22339053452014923
-0.49902305006980896
-0.6619731187820435
1.2924411296844482
0.8437268733978271
0.7525813579559326
1.9398833513259888
1.3411943912506104
-0.42112281918525696
1.8297244310379028
-0.09312281012535095
-2.3821892738342285
0.8540274500846863
-2.019089698791504
1.3294795751571655
2.184140920639038
2.7850255966186523
-1.5245530605316162
0.07044980674982071
0.910220742225647
1.5847116708755493
-0.3538972735404968
-0.30372878909111023
-1.6352334022521973
-6.51399564743042
0.41117897629737854
0.09764549136161804
0.9788098335266113
1.2792549133300781
1.5668777227401733
-0.8570778965950012
1.7011133432388306
0.45240160822868347
1.9326235055923462
2.1580774784088135
-2.7726545333862305
1.6111584901809692
1.136340618133545
0.5151557922363281
0.34667009115219116
-0.25824424624443054
-0.755042314529419
1.2271615266799927
1.3864554166793823
2.0615715980529785
1.750267505645752
-0.6534779667854309
2.703139305114746
1.0727813243865967
-1.4232691526412964
-2.3492860794067383
1.8396351337432861
0.8720061779022217
-0.04785735905170441
0.3163873851299286
1.2756218910217285
0.15203239023685455
0.5506909489631653
1.8367995023727417
-0.4424937963485718
0.27654099464416504
1.1441113948822021
-0.4636104106903076
1.6178252696990967
0.8923704028129578
2.4773635864257812
1.6095679998397827
0.3822939395904541
1.3439596891403198
-2.116136312484741
1.5020862817764282
0.3262959420681
-2.1502723693847656
-3.6977903842926025
-2.287531614303589
0.7913317680358887
1.6414480209350586
1.1490432024002075
-4.278651237487793
-2.1427602767944336
1.5663580894470215
0.4390829801559448
0.6591697931289673
1.566820740699768
-3.6244943141937256
1.3180934190750122
0.8268500566482544
0.2850057780742645
2.657198429107666
-2.183058500289917
0.15471747517585754
1.5875025987625122
-2.9600203037261963
1.9196593761444092
1.5752631425857544
2.2568466663360596
0.6207612752914429
-3.3083019256591797
1.005813479423523
1.5619384050369263
-1.0428619384765625
1.9440453052520752
0.17315034568309784
2.4811861515045166
-0.5200943350791931
0.8382429480552673
2.681981086730957
-14.96034049987793
-2.7599613666534424
0.8105084896087646
-0.4080807864665985
-0.4307745099067688
-2.827890634536743
0.22206613421440125
0.3166614770889282
-1.5345968008041382
-0.004779263865202665
1.6343156099319458
1.2963618040084839
-3.63065242767334
1.717994213104248
-1.0278303623199463
1.850937008857727
1.51768159866333
0.5786215662956238
1.5899658203125
-2.6292724609375
-1.9248911142349243
-0.3051011562347412
-0.5109168291091919
2.0565249919891357
2.497488021850586
-1.9095492362976074
0.4246518909931183
0.9730958342552185
0.2556566894054413
-2.7358710765838623
0.1543528139591217
-0.12004919350147247
2.960548162460327
-2.9607303142547607
-2.3277554512023926
0.3377051055431366
0.7570673823356628
-0.057886481285095215
1.1024296283721924
-5.7855544090271
1.5630390644073486
1.7933014631271362
-2.917884111404419
-1.426830530166626
1.4980679750442505
-0.07857529073953629
0.8473396301269531
1.3905854225158691
-0.10362012684345245
2.0317420959472656
-0.8828272223472595
-2.8808748722076416
1.3308510780334473
1.758079171180725
2.3774428367614746
-3.629544258117676
0.78928142786026
-0.8392502069473267
2.8997294902801514
-1.1093863248825073
1.4701557159423828
1.351016879081726
1.4887166023254395
1.938834547996521
0.15224263072013855
-0.9836494326591492
-0.14016063511371613
0.5544077754020691
1.893660306930542
1.7582193613052368
-0.39434337615966797
0.1905769556760788
1.2579313516616821
0.05786839500069618
1.9473750591278076
0.5956995487213135
2.0677506923675537
-5.090414524078369
1.396408200263977
-0.9138298630714417
-4.806672096252441
-1.6734952926635742
2.317336082458496
0.5514301061630249
0.9630262851715088
-1.117980718612671
1.8800982236862183
0.485709547996521
0.11197622865438461
1.868544340133667
-3.837653636932373
-1.8466449975967407
0.5265756845474243
-2.7615554332733154
1.1699026823043823
0.5125985741615295
0.25689375400543213
0.294680118560791
2.3991575241088867
2.6386048793792725
0.7222363352775574
1.2557404041290283
2.429816484451294
1.1802228689193726
0.4432338774204254
0.6507711410522461
1.5239474773406982
1.4257521629333496
-2.2888731956481934
1.201462745666504
-0.1741074174642563
3.2895259857177734
-1.6573189496994019
0.8971121907234192
0.6447790265083313
-3.2897307872772217
1.9074078798294067
-0.014234282076358795
1.053686499595642
-0.2751305401325226
0.8771544098854065
1.250008225440979
-2.125189781188965
-2.193527936935425
-2.187720537185669
0.3910820782184601
-2.4655749797821045
2.417570114135742
2.3435003757476807
-0.5298527479171753
-0.9074451923370361
1.9091957807540894
1.6891858577728271
2.878478527069092
0.25221502780914307
1.3746337890625
-1.4020757675170898
0.6338592767715454
-0.5863609313964844
2.205165386199951
-1.2217235565185547
2.049414873123169
0.6224524974822998
2.414586067199707
2.556525230407715
1.9550151824951172
0.8242834806442261
-2.8624842166900635
1.6016714572906494
2.5989325046539307
-0.4165750741958618
-1.143226981163025
-0.4714531898498535
-0.37270042300224304
0.4522803723812103
-0.7387325167655945
-2.6289732456207275
1.7071237564086914
0.9696853756904602
-1.689904808998108
-1.216482400894165
-0.38417747616767883
1.4181547164916992
1.4476865530014038
-2.9258110523223877
1.2945055961608887
2.2959189414978027
1.2093212604522705
0.8317986130714417
0.6178638339042664
3.1145334243774414
-0.8005106449127197
-0.10249420255422592
1.6782543659210205
2.4078683853149414
0.635877788066864
0.2839467227458954
0.7319426536560059
-7.457898139953613
1.87937331199646
0.2756425440311432
0.7654871344566345
1.016198754310608
0.708294153213501
0.9795270562171936
-1.8608348369598389
-1.1388728618621826
1.4404188394546509
-3.197657346725464
1.6292978525161743
1.5707943439483643
0.953249454498291
-2.4932546615600586
-2.447598934173584
-5.300158500671387
1.4687669277191162
1.6370927095413208
0.8144855499267578
1.6253963708877563
1.6427586078643799
1.4834572076797485
2.355088233947754
0.07975517213344574
1.8734192848205566
0.35352280735969543
1.1230483055114746
-0.01410128828138113
2.392629384994507
0.8251864910125732
-5.15808629989624
1.7196849584579468
1.4556373357772827
1.104877233505249
-4.343084812164307
-1.1880719661712646
-0.5323905944824219
-5.639184474945068
-5.874765872955322
-2.0983500480651855
0.44171106815338135
-0.08819310367107391
0.8802151083946228
-3.122136354446411
2.0631184577941895
-1.7433093786239624
1.4812477827072144
1.4334402084350586
-0.7027465105056763
1.0402884483337402
3.1056973934173584
1.4775291681289673
-2.73038387298584
0.2985656261444092
3.215691089630127
2.0057716369628906
-2.701099157333374
0.11547373980283737
-0.05601250380277634
1.3685243129730225
-1.8225622177124023
0.4200975298881531
0.29343557357788086
0.8149176836013794
0.634233832359314
1.2562944889068604
-1.4071159362792969
0.7786332368850708
-3.053776741027832
0.6341867446899414
-0.09836266189813614
1.5004827976226807
1.0666074752807617
-3.584334373474121
2.8215277194976807
3.2992677688598633
0.15650825202465057
-0.8824360966682434
1.7484837770462036
2.216705322265625
-6.308310031890869
-1.6668412685394287
0.5545069575309753
0.8551885485649109
0.11342612653970718
-2.030987024307251
-1.4578139781951904
0.8325008749961853
2.778780698776245
-2.916201591491699
-3.0271835327148438
1.1686440706253052
-0.1634390652179718
0.510891318321228
-0.6507575511932373
-0.9122642278671265
1.4308502674102783
1.8873370885849
1.7946960926055908
-0.5521066784858704
1.6244025230407715
2.2287075519561768
0.44704097509384155
-3.2160637378692627
1.0782766342163086
-6.037934303283691
-2.802781343460083
-0.3687998056411743
-1.7730785608291626
1.4855679273605347
-3.3733062744140625
-4.027685165405273
-1.0136687755584717
0.4203186333179474
1.2955169677734375
-1.294947862625122
2.842651128768921
2.1542654037475586
-0.7342802286148071
1.266060471534729
2.023710012435913
0.1368928998708725
1.3771259784698486
0.7486670017242432
-0.2283439338207245
-0.054673463106155396
-2.3154516220092773
0.9862231612205505
-1.637110948562622
2.2348248958587646
0.49452918767929077
1.4268344640731812
1.8896162509918213
0.8264681100845337
0.406168133020401
0.36020365357398987
-2.4270079135894775
-3.309284210205078
-3.2063841819763184
-1.3222562074661255
-0.7104090452194214
1.2765955924987793
2.646212577819824
0.5068079829216003
-1.7919836044311523
1.4103055000305176
1.32421875
1.2513797283172607
-5.111915588378906
-1.2775026559829712
-0.5269109606742859
-4.042096138000488
-0.15717291831970215
-1.3176089525222778
1.3463274240493774
2.2592763900756836
-5.834453105926514
2.1658451557159424
2.9853811264038086
0.4615337550640106
1.6410388946533203
2.0885226726531982
-2.980175256729126
1.1263624429702759
0.3453834354877472
1.4661211967468262
1.1596629619598389
1.9943864345550537
-1.6938462257385254
-0.5400320887565613
-1.8249585628509521
-1.2082065343856812
-2.3800997734069824
0.35985150933265686
1.0954773426055908
-4.8774542808532715
-1.748788595199585
-2.7019851207733154
1.1481530666351318
0.19191400706768036
0.8015573620796204
-0.09807723760604858
2.743006706237793
-0.5960570573806763
-0.5453812479972839
0.5534371137619019
-1.3823374509811401
3.758910655975342
-2.092329978942871
-1.8666863441467285
1.000189185142517
1.2303640842437744
-0.4136645495891571
-1.814736247062683
0.04326702281832695
1.826287031173706
0.38152503967285156
-2.3687102794647217
-2.028904914855957
1.814072608947754
-0.08550161868333817
2.550706624984741
1.8640904426574707
-0.8088772296905518
0.6516849398612976
1.8710335493087769
0.42248454689979553
-1.7678238153457642
0.8364498019218445
1.9270143508911133
-0.11403712630271912
1.6929548978805542
-1.6493041515350342
-0.2001146376132965
-0.627949595451355
0.33115625381469727
1.7715795040130615
1.7852035760879517
0.8718620538711548
-2.5011186599731445
0.6506364345550537
-2.5648021697998047
1.1045019626617432
-0.31810179352760315
1.4859037399291992
-1.197128176689148
1.7064846754074097
-1.0199912786483765
2.0023701190948486
-2.374217987060547
0.7279496192932129
0.6606990694999695
0.11515909433364868
-2.3167662620544434
0.3504168689250946
-0.9607800245285034
1.0373618602752686
-4.992835521697998
-2.542283773422241
1.0413447618484497
1.9602659940719604
1.0451085567474365
1.7505955696105957
-4.797248363494873
0.6343389749526978
2.1082301139831543
-1.2242332696914673
-0.045438311994075775
1.509657382965088
1.6798067092895508
-0.6360989809036255
-0.4933866262435913
1.8979740142822266
-3.0052645206451416
1.7779417037963867
-0.6268667578697205
-0.08771762996912003
1.5671721696853638
1.775072455406189
-1.1763474941253662
0.10438830405473709
-0.030364401638507843
-1.3632007837295532
2.665430784225464
1.0892751216888428
-2.1663732528686523
-3.4593522548675537
1.3243266344070435
0.043788086622953415
-0.566924512386322
-2.040814161300659
0.09609746932983398
0.9212446212768555
2.1746487617492676
0.7756264805793762
-2.5042669773101807
1.7802757024765015
2.6876330375671387
2.3242084980010986
1.7636940479278564
-1.855696439743042
1.6142594814300537
-0.6835201978683472
0.6680887937545776
2.067092180252075
-2.946031093597412
1.7744834423065186
-1.762537956237793
-2.875844717025757
1.900259017944336
-3.3786635398864746
1.3367825746536255
-1.787128210067749
2.2412259578704834
2.384540557861328
-4.719271659851074
-1.212792992591858
1.9838155508041382
0.09062468260526657
-3.387409210205078
-2.4533116817474365
1.7067692279815674
-1.56432044506073
-1.1809183359146118
-7.2051167488098145
1.506576657295227
0.24039360880851746
1.5919325351715088
-0.9292930364608765
0.24328136444091797
1.109169840812683
0.8390989303588867
1.7904176712036133
2.1130075454711914
0.7862854599952698
-0.761069655418396
-1.7852896451950073
-1.165621280670166
-0.1943785846233368
-1.3049225807189941
-1.912426471710205
-0.602088451385498
0.7533379197120667
-3.3808560371398926
2.700289011001587
1.485621452331543
1.2159751653671265
-3.0342156887054443
1.2350670099258423
-6.448411464691162
2.1064107418060303
1.2988998889923096
-1.0265172719955444
2.0863535404205322
2.435615301132202
1.575397253036499
1.7305958271026611
-2.334139108657837
-2.220595598220825
2.5083556175231934
1.841610312461853
1.532637357711792
-1.947539210319519
-3.8781561851501465
-3.6987686157226562
2.422485113143921
1.0763462781906128
1.2670620679855347
2.0651400089263916
0.5335775017738342
-1.231210470199585
-0.0691559910774231
1.721651554107666
3.0833022594451904
0.5582170486450195
2.1549720764160156
0.5186116695404053
1.4404550790786743
1.945403814315796
0.017087867483496666
-0.41624248027801514
1.547399640083313
-1.2155365943908691
1.7043242454528809
1.6771345138549805
2.9498941898345947
1.0363376140594482
-0.48684823513031006
-3.496140480041504
1.399501085281372
1.922950267791748
0.7609801292419434
3.069472312927246
2.254472494125366
2.1569225788116455
1.066312551498413
0.23729006946086884
2.7237660884857178
-0.5433714389801025
0.26034411787986755
1.7321161031723022
2.7442572116851807
0.1648847609758377
-0.6894683837890625
-1.2365021705627441
-0.42019763588905334
-0.27917972207069397
1.1855928897857666
-0.35235607624053955
2.0104928016662598
-0.06460918486118317
-1.9101701974868774
1.2019182443618774
1.1123623847961426
-1.059711217880249
0.6878976821899414
0.30599164962768555
-1.850290060043335
2.340789318084717
2.0359396934509277
-2.350400924682617
-0.8713005185127258
-2.2139947414398193
-2.7602999210357666
1.902127981185913
-2.100377082824707
2.17991042137146
-2.8673107624053955
-0.20411255955696106
1.9459995031356812
2.305551052093506
0.13383357226848602
-4.326754093170166
-1.5200459957122803
-5.917608737945557
-4.615246295928955
-2.7766616344451904
-1.0194991827011108
1.4280800819396973
0.6375165581703186
2.671782970428467
-0.014039890840649605
1.3620043992996216
0.1426544040441513
-0.1223452240228653
1.2596925497055054
-1.736303687095642
0.4673043489456177
-1.3690950870513916
2.346799373626709
1.268201470375061
0.012275937013328075
2.2417800426483154
0.07977526634931564
0.11760897934436798
-0.8145843148231506
-4.3084635734558105
-1.7621945142745972
2.2946014404296875
0.7186869978904724
0.9128004312515259
-0.45046958327293396
0.7493132948875427
0.9283630847930908
2.4849987030029297
-1.4672091007232666
2.298450469970703
1.1789636611938477
0.30752551555633545
-1.5144022703170776
0.9597856998443604
2.0539376735687256
-0.08210047334432602
-0.15584546327590942
1.9471203088760376
2.4299495220184326
-7.6087422370910645
1.6364132165908813
0.4737289547920227
0.6526947617530823
-0.4045031666755676
0.4036198854446411
-1.699297547340393
2.350250720977783
-0.40075576305389404
0.5541073679924011
0.8096117377281189
-0.9982001185417175
0.5002389550209045
-1.4175984859466553
-1.5988044738769531
-3.239701271057129
0.395156592130661
-1.9825100898742676
0.8188516497612
1.2180814743041992
1.230610966682434
1.4647834300994873
1.5467911958694458
2.8618369102478027
1.6652684211730957
-2.3978042602539062
2.095278263092041
-0.46592119336128235
0.4319274425506592
-0.5727631449699402
-2.7938456535339355
2.660804271697998
0.21601828932762146
-2.8060758113861084
1.765149712562561
1.4096397161483765
-1.1498912572860718
-0.06635761260986328
-1.191278338432312
2.352651596069336
2.0955286026000977
-0.7837876081466675
0.3627193570137024
0.3384077847003937
0.7729699611663818
0.9644134044647217
-1.908360242843628
-0.5049454569816589
-0.1658059060573578
-2.753706455230713
-0.4020327031612396
-5.152566432952881
-1.365563154220581
1.2138137817382812
0.5156221389770508
2.1256637573242188
2.3449928760528564
1.7350246906280518
1.8155370950698853
1.5274025201797485
2.2520484924316406
1.5077166557312012
0.1862040013074875
-0.26822248101234436
0.3607895076274872
0.21766561269760132
-2.536733388900757
0.49866819381713867
2.0185089111328125
-1.9681315422058105
-0.38827770948410034
0.6758312582969666
-4.894198417663574
-3.0483710765838623
-2.926452159881592
1.9873327016830444
0.48167312145233154
1.7915173768997192
-2.984870672225952
1.595980167388916
-3.138770818710327
-6.687763214111328
2.9468510150909424
-0.6822245717048645
-4.494959831237793
-2.0420303344726562
1.44357168674469
-0.257710337638855
2.135662317276001
2.37443470954895
1.983204960823059
-1.4553245306015015
1.635687232017517
-0.884320080280304
0.14590215682983398
2.368990898132324
1.1959331035614014
-0.6259284615516663
0.09491995722055435
2.941251754760742
2.6510562896728516
-1.769374132156372
-1.5252759456634521
0.18738697469234467
0.32622942328453064
1.733999252319336
0.48303261399269104
-2.858804702758789
1.8223737478256226
0.9393357038497925
-0.9884154796600342
-2.6241888999938965
-1.2377557754516602
-0.7928642630577087
2.195077657699585
-0.7690118551254272
-1.2283779382705688
2.3851261138916016
0.1873924434185028
1.1144042015075684
-1.7462619543075562
1.9247794151306152
-1.4748406410217285
1.4596261978149414
0.05460869148373604
1.1001105308532715
0.07604097574949265
2.1920485496520996
-4.26629114151001
-3.515488386154175
1.0417892932891846
-2.0346012115478516
0.4527711570262909
1.9102301597595215
-0.7450274229049683
-0.9576822519302368
1.455889344215393
1.8391600847244263
0.22445671260356903
0.9113177061080933
2.5011653900146484
0.683455765247345
0.458471417427063
-4.719003200531006
2.069718837738037
0.9045391082763672
1.2484538555145264
1.0570474863052368
1.7810953855514526
-1.0707453489303589
-1.7479264736175537
-3.365603446960449
1.7999342679977417
1.4552278518676758
1.9799772500991821
-0.28312745690345764
1.4804797172546387
0.8749116063117981
1.6759979724884033
-0.5035513043403625
1.3043349981307983
-1.8582258224487305
2.528949499130249
0.8919081687927246
-2.275268316268921
-0.6775910258293152
-1.9776008129119873
0.1442386955022812
1.468767523765564
2.3907413482666016
-1.561680555343628
0.9365314245223999
0.6434227824211121
0.37515220046043396
-0.11977247148752213
1.8566560745239258
-5.113173961639404
-1.3136255741119385
1.9606530666351318
0.17371127009391785
-3.724808692932129
0.8977547883987427
2.8214962482452393
-1.4884299039840698
-2.1768112182617188
0.40549156069755554
-6.137482166290283
0.7114494442939758
1.6389586925506592
0.8214701414108276
-0.3315218985080719
2.443977117538452
1.044098138809204
3.1416454315185547
-0.47695717215538025
1.9706871509552002
-2.2352848052978516
-0.9755973815917969
-1.5427184104919434
-0.22696174681186676
-3.511063814163208
0.7791312336921692
-0.4235275685787201
-2.436284303665161
0.7789686918258667
-2.70198655128479
-0.453111469745636
0.02468230202794075
-3.3241689205169678
-1.124219536781311
1.3394665718078613
-0.666711151599884
-0.15349635481834412
3.391331434249878
-0.8205221891403198
-1.6613000631332397
-0.4970844089984894
-1.8216192722320557
-3.7052392959594727
2.6006174087524414
-1.5062578916549683
-1.553328275680542
0.6991798281669617
0.4081011116504669
-0.29973745346069336
0.3447292447090149
-0.0006093727424740791
1.50600004196167
-0.9327760338783264
1.9783411026000977
3.227414608001709
-0.6921786069869995
0.1914186030626297
1.1907672882080078
0.9552093744277954
1.0479140281677246
0.596838653087616
1.9777318239212036
1.572845458984375
0.7008714079856873
1.1881235837936401
-3.799048662185669
0.015843939036130905
1.4330984354019165
-0.6333426833152771
-0.17763304710388184
1.917306900024414
